latent_value <- 
c(3.95782431048863, 4.17304293335031, 3.70558221716033, 4.43651906030802, 5.34439652433414,
5.10867997237693, 4.59056232852015, 4.84851276541479, 4.76453687884672, 5.83088523309673, 5.69657217902303,
5.90332002900276, 5.79239487540525, 5.34469927316501, 5.35934210689165, 4.47475096972624, 5.14714139859259,
5.16458018439704, 6.08973168495757, 6.1625919134879, 5.69467536401677, 5.86602200289471, 5.32538640137526,
4.69230339188972, 4.81525777447644, 4.59563885394068, 4.59704365015061, 4.63129492187787, 4.36333143420692,
4.13025836534852, 4.11457757634653, 4.69178840080161, 3.99744182711489, 4.32274502436605, 4.49955798177058,
4.98835121705814, 4.81490438833857, 4.96157512074888, 5.04794059072034, 4.76149382182105, 5.29055353826113,
5.74789169392892, 5.95447270403326, 6.54066405635246, 6.60797915998873, 5.84250233330945, 5.4665975312823,
4.83314535868605, 4.59826541067078, 4.31955442104195)
value <- 
c(52, 57, 33, 100, 219, 177, 102, 146, 110, 341, 298, 334, 320, 214, 219, 89, 170, 177, 418, 470, 324,
380, 209, 96, 119, 94, 104, 87, 70, 59, 54, 108, 40, 72, 85, 137, 146, 143, 139, 132, 179, 307, 402, 686, 768,
333, 230, 130, 96, 89)
time <- 
c(1, 2, 3, 4, 5, 6, 7, 8, 9, 10, 11, 12, 13, 14, 15, 16, 17, 18, 19, 20, 21, 22, 23, 24, 25, 26, 27,
28, 29, 30, 31, 32, 33, 34, 35, 36, 37, 38, 39, 40, 41, 42, 43, 44, 45, 46, 47, 48, 49, 50)
replicates <- 1
replicate_samples <- 
structure(c(50),
.Dim = c(1))
NSMPL <- 50
