N <- 1000
y <- 
c(0.186754432514856, -0.33518807342136, 0.49730310097393,
0.088041501068775, 0.133815650994945, 3.21650798825323, 0.188191174761075,
1.27424831204216, 1.72235908086982, 1.3730528837023, -0.702384401190704,
-1.3329539301539, -0.471413266312094, 0.976296425445372, -1.13775344497382,
-2.10980577123349, -0.188087048835137, -0.87857738714889, -1.90593235703315,
2.21521377969673, -1.05372872803407, 2.15842221835589, -0.428365270219094,
-1.74444319846613, -0.527425853784334, -1.24519370693408, 1.44713984516536,
0.314586121500275, 0.254696241161761, -0.679159544474332, 0.266288346965721,
0.21806354538428, 1.51214353809118, 0.366681001557271, -1.67544804476271,
1.76070588601088, -0.597659504825446, -0.113363066325364, -0.6073922361563,
-1.69689329558437, -1.86208147447641, -0.231923429936136, -1.77678801202984,
0.625599021879646, -0.420582845198134, 0.648107526946449, -2.54605352299868,
1.42339016126276, 0.296338793135847, -0.296330078235729, 1.9122605618861,
-1.35217492255499, 0.743537532801681, 0.233603788828262, 1.53732714634085,
-1.04686990592467, -1.76060109637372, 0.624093498174845, 1.59939203762283,
-1.84944755646762, -0.762296411947075, 1.48389355010105, 1.38639519975325,
0.491857991121386, -0.178980456234549, 3.45489487037057, -3.16009310278579,
-1.21468324442652, 0.643629602447027, 0.885623668041921, 1.05456530529096,
0.768249110240056, -2.46980621118243, 0.933438851105756, 0.579678956332062,
0.262861764794439, -0.915825884099427, -0.645024004229116, 0.152877439427076,
-0.557993580953501, -2.15787497183848, -2.40937186754561, -1.91756396630036,
-2.04644696557357, 0.234234989465477, 0.605194181644673, -1.61817064664663,
0.354716572733638, -1.26968424282748, 1.33859997254811, -1.03344636028353,
1.68702046849567, 1.52222900508784, -1.14532633233457, 0.512470096792974,
-0.845914988290871, 0.181796459442937, -0.765418111748207, -1.31655264167888,
0.657180512456043, -0.689699694986438, 1.36711231718083, -0.537626325058757,
1.10600292684334, -2.12821484383302, -1.40551128713862, -1.58686995921531,
-2.67040419870243, -0.346376871186817, 1.05899819750725, -0.3317282541741,
-0.302861534535995, -0.956105150841775, -0.815108809194647, -0.325803598021992,
2.60544353455614, 0.667696411446647, -0.582453945660497, -0.856952258150993,
1.55461626521527, 0.315282217017589, -0.361912654576026, -1.34692433651262,
3.35350574800802, -1.36389773535433, 1.02419876797826, 0.764851549038741,
-1.29010171360402, -0.166033160511786, -0.873931817750704, -0.590107306387923,
0.974942069114118, -0.118849392837044, 2.4934868234661, -0.280168331234063,
-2.5447029582445, 1.0844469032345, -1.30573030657735, 0.0484998251704424,
-0.737176034320157, -1.55804304261829, 0.773021601187538, -2.02927007957734,
-0.773499899132708, 1.31521257471334, 3.1857278723291, -0.415327741614779,
-2.47303685662343, 1.14523810377904, -1.12850399585748, -0.208292255390576,
0.585868582048935, 0.0473897054104278, 0.164109199604896, 0.952786413843569,
-0.923713680054423, -0.757817343194092, -0.105160684281576, 0.365716040742922,
-0.446687266989996, -1.69192450953497, 0.0176256806277199, 0.0470908677057621,
0.30781427464759, -1.93287233020374, -2.3937575320856, -0.116407473398682,
1.03390587297214, 1.07828391312456, -0.962400787296544, 1.30106155740351,
1.93816804403415, 0.909435425422733, -0.425214638639796, 2.19634118706289,
0.236995990364451, 0.66224266586163, 0.0849638772264049, -1.61206381269799,
1.93486166520915, -3.16049198482108, -0.581825041153458, -0.487316692186869,
-0.000853800120939385, -0.35275075533018, -1.8827409938347, 0.77290739201367,
1.16152864486689, -1.60924694929044, 0.848689440669749, -1.33338327396211,
1.06859216222816, -2.41285601540381, -2.55455627836533, -0.283918441719576,
1.21844103281914, 1.71196170813724, -1.71038751577155, 1.37403079261067,
0.548250958897669, -1.67796845734015, -0.789330983562386, 0.179790970494064,
0.995463556748215, 2.18418317966401, 0.754828055251491, 0.0669817161444207,
-1.21370084381163, -1.747419267014, -2.01441843834577, -2.68283944196773,
1.31329353891612, -0.100828684801201, -0.252686737427755, 1.77911167975767,
0.184530161458629, -1.02001817006833, -1.04086497647732, -1.6690509196889,
2.49708152162167, 0.714670582341769, 1.38562841345311, 0.114009240882047,
0.600521053609651, -1.52423880324797, 1.73422415314722, -2.03287477304283,
-0.16287191139329, 0.963378582777147, 2.0795487891828, 0.371836517795717,
-0.346072603903682, -0.588560362220744, -0.221327360666214, 0.403963384519748,
-1.32859113096537, -0.460220188961187, -2.32969071459679, -0.763512419017429,
0.241051976499823, -0.5296623180175, 0.274611277803847, 0.140815251733485,
1.7072884882816, 0.377857097941993, -1.09161682835472, 1.17358516274857,
-0.258606630742879, -1.43972133794858, -0.836597439323355, -2.49149228486343,
2.46811823165952, -0.224784622541139, 0.665349803205234, -0.919678245652068,
-1.68605713595315, -1.63656433675694, -0.897253586504278, 0.189281517515187,
-0.967402597460676, -1.37361651700992, -0.793675175176934, 1.50835095510875,
-0.89074276071529, 1.83576554741932, -0.631848056380922, 1.37544793750624,
-0.201768249447379, -0.00186037335445244, 0.590810832693628, 0.642011079455352,
1.9147576878352, 0.754215256982223, -1.66097468215436, 0.35136084585341,
0.234573345240849, 0.0284652612166595, -1.29156259948968, 0.475406875992244,
-0.255268068032575, -2.17086671250706, 2.01061675492012, -0.702046649360654,
-0.8154680396005, 0.40665588848722, -1.25049970539257, -0.0849052252156218,
1.0039621675785, -0.536845862293814, -0.514064634731834, -0.80977725781183,
-0.473473278159606, 1.03753241860183, 1.25472988763287, -0.0407826156382914,
2.23055379586451, 0.00136532164304415, -0.478095503980178, -0.479767979346873,
1.09440509525715, 1.76535123903104, 3.15635625783222, -1.12131733755222,
-0.478424967871742, -0.0478698761713107, 0.139269392568778, 0.567089733992367,
-0.727828309715881, 1.71545771051544, -0.939430543620932, -1.2277586770342,
-0.804900217557639, -1.49828697623772, -1.38495471139286, -1.13081219497281,
-1.49128147506415, -0.796064468125022, 0.129580087165631, 2.32761593754594,
-1.62545014565719, -0.267923945214406, -1.4251687952654, 0.657074625836038,
-1.21381221646426, -0.932316902552874, -1.17673714941679, -0.931646831215131,
-1.17917132784751, -1.48960479115491, -0.979201957921817, 1.21051846262897,
0.384848005054091, -2.09557829110672, -1.13179814739328, 3.09058399247362,
0.109513911477096, -2.26889581002335, -0.617048095582681, -3.00648313606581,
-2.17401689436826, -0.621815372211502, -0.942286141733526, 0.618958294444421,
1.91764963086234, -0.220015994146263, -2.65952044510162, 1.14959662287383,
-0.849335179004645, -0.461605769652675, -0.552352796790972, -1.82130720753068,
-0.866433572271812, 1.00511870472219, -1.72494164416772, -0.220890981045773,
-1.58874113435765, 0.260897695330456, -1.63378907910298, -1.24706458225565,
-1.01684777888854, 0.605524335800223, 0.331449834905039, 0.373857647100034,
-0.507629780872592, 0.552129838537818, 0.651192104316697, -1.78760624735753,
-1.35812101747319, 0.434992073942041, -1.66328443803145, -1.99189137113843,
0.973218607074805, -0.845315495007718, 1.18110198785639, 0.578893062931913,
-2.41877332744618, 1.85677652845225, 0.992567426351502, -1.7790739460323,
1.94977871285388, -0.0667975781696845, -0.432842474385703, -0.916896468871032,
1.15261741509874, -0.0140682615045578, 0.605971211491092, 0.712347487600289,
-1.60012006468131, 1.61022531237688, -1.38270143356109, -0.832134497458573,
-0.492933619722332, -0.586519203232147, -1.58580906736408, 1.04683243889033,
-1.87586372567987, 1.3058464159695, 0.140201047039535, 1.22100369003142,
-1.0050530707337, -0.309781916324753, -0.24031251583148, 0.322549366523701,
-1.28857018693693, 0.31697566872761, 1.9332266667246, 0.868722946175481,
-1.65205814146135, 0.569255065696065, -0.610617612949684, 0.727213479741806,
-1.6973692100834, -0.547332169139227, -0.255000285048854, 0.0751542068375944,
-0.155496618147109, -1.76136447213839, -2.25129809539301, 0.0985676439189677,
