y <- 
c(0.0316914950931582, -1.29704672843201, -1.16577791546792,
-0.303401316609613, -0.687799194055037, -0.245690694854339, 0.677818637409415,
-0.765417427608798, -0.82262438431498, -0.0558838769329044, 1.25942402226543,
-0.35675432602961, -1.20342332056141, 0.527557459845804, -0.734812552047826,
-1.00587798756689, 0.251325201073354, -0.223834000111602, 0.0773463387144333,
0.0617214920947058, 0.141953754039101, -0.00470490017960013, -0.11374894219441,
-1.00142005943001, -0.933222959639391, 0.657960554340608, -0.403891705649064,
0.0758073369135155, -1.13095012468333, -0.200399710731523, 0.316511520230838,
-2.11084587375131, 0.868770436686953, -1.26169368864163, -0.730627315756987,
-0.803808286562578, -0.70171107421805, -1.00209143596292, -0.454719881381917,
1.12950402018458, -0.32519330659451, 0.60585188495066, 0.224156561045846,
-0.44578507111186, -0.36539632967725, 0.289832267309584, 0.220091466307229,
-0.539668971880741, -0.785008007360179, -0.134118947420596, 0.498164789207913,
0.0207745816233903, -0.275473862441303, -0.270297143514928, -0.0891033966346187,
-0.191458625521295, -0.186888293903541, -0.141564328134708, 0.0212015995786384,
0.283335289078897, -0.169396031807756, 0.53278854559963, -0.272112939425521,
0.420170215986504, 0.0976093389646442, 0.449115340813011, -0.679004080086912,
-0.324938952535576, 0.191701579527245, -0.179056301291467, 0.233956725157881,
-0.0107970817519612, -0.132813874115381, -0.372358748393435,
-0.0427638967616382, 0.278148082018086, -0.466902555071061, -0.241780936418238,
0.272388153935119, 0.535185870657283, 0.292517668471764, 0.27553711664054,
0.107544308702134, -0.101806053360815, 1.36471615111577, 0.830783215710239,
-0.553830406053741, -0.23646915902539, 1.32183690191435, 0.164859448740954,
-0.49947579651707, -0.333106696867272, -0.694256173163053, 0.000967007265470433,
0.673094245802855, -0.0283231607838635, -0.223535166808321, -0.103467325912625,
0.33992700674149, 0.337074420171517, 1.36458923787641, 0.380829209484672,
-0.960794790846057, 0.347956604487983, -0.335143116975557, -0.312528584571346,
-0.605825242018661, 1.02319394909061, 0.493596587577429, 0.544427665864159,
0.256943340564726, 0.42774283979215, 0.0552880645980671, -0.669031007148403,
0.566939761804653, -0.294993971501995, 2.14380894263382, -0.539216548907937,
-0.170250008570547, -0.145896885904525, 1.10426352158526, 0.462821271981636,
-0.474848493627762, -0.653959602822978, 0.572944251403909, -0.786290350736414,
0.494463716187662, -0.520865166368195, 0.362690738018972, -0.841768720180032,
-0.731028739811788, -0.176830672590419, -1.4988714927203, -0.0762309680214062,
-0.810601068827693, 0.0419746669865499, 0.366454939106964, 1.44352006796002,
0.312611547886529, -1.63909602369486, 0.422799446412166, 0.490252468253376,
0.383978863882019, -0.0664903080897763, 0.0674411922436644, -1.99950009564349,
-0.516928728192126, 0.390711530813443, 0.0650942887513068, -1.54579548487118,
1.18522303732322, 2.13922440642329, -1.82832090804988, 0.916580983446564,
1.51492836211876, 0.688656090343253, 1.94717432452578, -0.749176490922869,
-1.3117458549851, -1.20119179201034, 0.269813618305663, -0.931761102069073,
0.317511179341869, 0.409175982884837, -0.361698875214375, -0.0726102675773275,
0.776498895806751, -0.167107972182898, 0.705397485089086, 0.345088292690718,
-0.15866127388069, -0.79781873950038, -0.511473524258569, 0.420872351766956,
-0.355646783109688, -0.431938519613861, 0.199852494376595, -0.873603129219826,
-0.542441646371995, -0.357178786057984, -0.117111360733501, -0.420141430434067,
-0.477257493826042, -0.0221710092917339, -0.00650749192037879,
-1.30803143978342, 0.725724053148096, -0.703603863206977, 0.697167145672848,
2.4142513370127, 0.0654305867900393, -1.12226091351886, -0.718009296518762,
1.86644711889055, -0.163023392416842, -0.477539591904662, 0.586176409170698,
-0.11736422073123, 0.271197189125583, -0.236215950146836, -0.410952532891769,
0.200201232874777, 0.474865771947535, -0.592761045409842, 0.493488797032754,
0.543459860049229, -0.105509397753793, -0.579129847556648, -1.33401026661549,
0.494407963934377, -0.832759160102534, -0.111213041462361, 0.968349416547192,
-0.54579920132299, -0.271653894659638, 0.0668867314799666, 0.144777520736143,
0.179628965864458, 0.503913810748762, 0.343109277207055, -0.182647671256545,
0.920538662901136, -0.761954049539113, -0.4165785552361, -0.232129060646421,
0.575144966441901, 0.639273273627085, 0.312026410716501, -0.830535511709939,
0.0516649693100869, -0.425878674917148, -0.234234668861557, -0.556129386615604,
0.861897705501729, 0.15348398620471, -0.307493244158094, 0.164317032407127,
-0.021122087234662, -0.372137026008434, 0.167171661703102, 0.0406815666810534,
-0.261406532599629, -0.177753682240793, -0.00943955481260901, 0.411936365212178,
-0.35041880739144, 0.625970156100546, -0.256793701368777, 0.236655669341909,
-0.0346959291408479, 0.25745891492264, 0.583512086253347, 0.142896105110797,
-0.262211235908694, 0.284026141481191, -0.0708533762928022, -0.352845862389363,
0.340723744603281, 0.103554370628485, -0.38403834491231, 0.530062171602274,
-0.911893498497885, -0.642582495800249, -0.209219919838957, -0.464421051014841,
-0.361133840247719, -0.0238743803251481, -0.105455948086304, 0.449088571985901,
-0.380048915909916, 0.0409264452249691, -0.108877628099472, 0.567435753414194,
-0.000355083341819326, 0.760391977478096, -0.888607814997107,
-0.247593735044594, -0.207065231946213, -0.590351137344008, 0.178029329717175,
-0.1142309919902, 0.207589672318457, -1.37844902652999, 0.390518624628798,
0.772819484955426, -0.543806910261423, 0.348080501811518, -0.394657934474001,
-0.388781425816673, -0.0596993787892419, -0.349833127235138, 0.306258429582072,
0.0900909608790641, 0.391981341523667, 0.237806092680971, 0.0897209823324766,
0.162490563114377, 0.844036540793872, -0.344401223860937, -0.00210232379223104,
-0.351979557779213, 0.682335502296474, -0.282955928193641, 0.186461319706514,
0.864781785959507, -0.174963253711818, 0.409705983152216, -0.253802630635069,
-0.125766895159759, -0.928784456668608, 0.0211964789434863, -0.218108106015661,
0.480148836557476, -0.0389256816419145, 0.193903265190838, -0.389012189836363,
0.102105386708401, 0.0770711968830063, -0.18547629632944, -1.50435199522734,
-0.137577765647881, -0.868411203163327, -0.112827786573463, 0.253770384369135,
-1.22003794178479, 0.890921618091495, -0.189763202439905, 0.12590062648508,
0.31313004687276, 0.107076160152779, -0.992070970292646, 0.670975874129524,
0.384225703718839, -1.41591705080835, 0.735852481693784, -0.0796985471220295,
-0.94819533299119, -0.438200308003417, 1.10105224538549, 0.36787704520765,
-0.105685875075348, 1.41004176644144, 0.457217320224116, -0.63604329477631,
0.0184978993888385, -0.58694104107902, 0.91645645244974, 2.81855311468325,
1.24691733947794, 0.772730343527571, -0.725792260245653, 1.41392290648265,
0.548957100211522, 0.490198433323941, 0.246518632243716, 0.877632131872542,
0.245573748884236, 0.347550509745338, -0.153614770280785, -0.0662517976789697,
0.153012799074711, -1.35554679120343, 0.227712729489993, -0.532024558726647,
0.105674612137488, -0.697370114471313, -0.859579882589785, -0.269622080347742,
-0.0680853134286967, -0.167713338260336, -1.67055588013616, 0.993534348321056,
-3.35779054793955, -0.367458401164466, -1.54225985359577, -3.82212074561294,
0.15715315128219, 0.254916530437729, 0.417782891803811, -0.518695209264821,
1.15520400269382, -0.79649563935235, -0.904347726435971, 0.454578627026977,
-1.92190625856794, 0.346284726356975, 0.568870358199993, 1.7157202453094,
1.36890683258206, 0.512163269211847, 1.57356886352907, -0.12157576263068,
-0.556681320282856, -1.82186505682922, -0.945818809567347, -0.294293672574834,
-0.890603880094381, -1.02241772855906, 0.341098000742475, 0.0104337240920106,
0.0639302646676509, -0.590669486828397, -0.652507137100042, 0.126006944582206,
-0.0905456987864564, 1.0858726860363, 0.281729150400903, -0.00545715550769177,
