t_max <- 200
y <-c(9.99625771440827, 14.0604919061391, 14.0870913181262, 
              13.6841511911719, 14.5167030176864, 11.0264781231393, 12.8988288935949, 
              11.4372088999923, 9.85573303139012, 11.7127559182792, 9.91687141212639, 
              9.85688392775945, 10.9734397065478, 12.2200547137018, 10.037433994262, 
              9.38743601809271, 6.3342565916229, 8.15083235393765, 7.30825884555103, 
              10.3978743353865, 12.9904252178957, 10.6628694391854, 8.5368424311796, 
              10.9019250402566, 11.1220438441542, 12.3709987011855, 11.7018561360153, 
              10.727815854734, 11.7596648678812, 13.6855386056173, 11.9382569527962, 
              11.6308575272546, 11.8420637427339, 10.549148918565, 11.4657520262874, 
              13.2997304677359, 15.2339155184917, 14.3950645461102, 11.6495587856637, 
              13.0188755786069, 14.5970414782647, 16.3366682451301, 13.3105456233043, 
              14.839890441975, 15.9896113210091, 19.3931053714388, 18.3045160695354, 
              17.5395356017005, 20.7586897902006, 20.8451439170417, 21.7107939300159, 
              18.5603158887978, 17.1176258916359, 19.9886943936259, 15.5018188016594, 
              17.8339532464142, 18.548733431802, 17.5602799164588, 17.2365711157468, 
              18.4840959430629, 18.1513422830663, 17.1242322454296, 15.7673372791875, 
              19.5856541929039, 21.1606019486458, 21.5772126923852, 19.9505719795769, 
              23.6440015892197, 23.7496277711241, 20.3996629022049, 21.6162035348853, 
              21.6314883181642, 20.8938748506343, 19.3531495410492, 21.0752922025663, 
              17.5420860267169, 19.2903131277728, 20.7284922614717, 18.7226058742505, 
              15.8019144939877, 17.0590835067405, 15.2089841697084, 15.5257093639766, 
              15.7755286457999, 15.193182179877, 14.4324930436093, 16.9992839810174, 
              18.383950072174, 15.8488318013877, 15.8874332020957, 15.8023888140345, 
              16.0382112675394, 15.8913371408313, 17.1543408864892, 16.8785790367678, 
              14.0050653721092, 14.6617934529747, 15.0134297898929, 16.0222261427418, 
              12.9134769665811, 12.3778448195853, 16.5927154818362, 14.6066119410758, 
              13.1158405192034, 13.5197408318097, 14.3656704961687, 11.507953715434, 
              14.8833959700302, 7.53938650602239, 11.0199949860406, 8.42033286355129, 
              10.1371703550461, 5.82500671883428, 7.12197184168105, 6.39694371258835, 
              6.75596170465193, 7.32600076243004, 9.21381460685198, 9.28570743140329, 
              6.31801687220562, 7.89133364039557, 6.41081629865018, 4.31107662573282, 
              6.43378557231691, 3.50486392835624, 6.06338158120379, 6.5167791246912, 
              7.55658583318225, 8.77599586667138, 6.61917779354472, 10.6788623930287, 
              8.7044347714932, 6.96250053502922, 5.9924285447346, 12.7924495035805, 
              9.5058930919173, 7.27636176885563, 6.90992549645044, 8.07345864985904, 
              3.89223890321052, 4.20177745848591, 7.04310957919871, 5.95734865004714, 
              6.4115912507263, 6.05778237111189, 4.5505976100222, 8.76473441262952, 
              6.10199769149676, 6.77245221321808, 11.8255541139437, 9.68764757408744, 
              5.42977438226535, 6.33191998245809, 6.49262588372624, 10.2400937795071, 
              8.49544798524103, 4.48323392983533, 9.2611288482904, 10.5834327699809, 
              6.41781669969821, 10.9010887887893, 8.90582195540694, 11.133394114447, 
              8.02892603325454, 11.2467654916525, 11.297549160422, 9.01720189302804, 
              10.4801302345085, 9.60031112870838, 9.24015463058682, 12.4496882822674, 
              12.4856662643307, 11.0526124611553, 12.0931485672385, 9.40357591151295, 
              8.4278585310904, 8.77531124643054, 10.1867391404516, 12.628049162503, 
              10.9419430946302, 10.1048135864353, 11.6086194816813, 12.6480433346235, 
              10.5153268419779, 11.1264975592521, 11.4309301919447, 8.59954614569132, 
              13.4957139346891, 9.82919323044178, 11.5447639176855, 12.4169470770966, 
              11.5773082789241, 14.9098958370946, 15.5808803241501, 14.0913106441798, 
              13.4505317346775, 16.8758531335709, 17.537806207911, 19.6973258013849, 
              20.5734078921913)
W <- 
structure(c(1),
.Dim = c(1, 1))
V <- 
structure(c(2),
.Dim = c(1, 1))
m0 <- 10
C0 <- 
structure(c(9),
.Dim = c(1, 1))
