T <- 500
K <- 3
y <- 
c(30.0590395939264, 14.9643955537962, 9.13059574742955, 19.6483823021259, 8.76326869154147,
16.0228976978462, 10.422019295849, 21.4922731145764, 9.20901638655253, 17.9856536991138, 9.02555833178878,
18.4680958780314, 28.3185448524275, 18.5364337357737, 8.9444922116861, 31.7119308690837, 16.8490588274751,
8.78580519602406, 27.3391479991895, 8.82881601336674, 23.540346539868, 28.205459013725, 13.9177030471087,
28.5442405794741, 8.86667984275662, 28.6177437343335, 15.0539153109122, 9.13415122251408, 30.9336877378325,
9.09021587010582, 18.7723472713409, 8.94889200724897, 17.6243659945637, 8.96736103322333, 26.7538166367859,
13.3682429885255, 9.03101031297609, 11.8785191094687, 17.1497041695013, 8.99400747172592, 20.3533889312094,
9.40627868179072, 21.89271162298, 30.5628576735459, 16.978513272947, 9.05295339212667, 13.5080310002952,
9.04401122918746, 17.6112620787388, 29.6869892589149, 16.8937563292697, 20.8423379117046, 9.10129028941744,
11.0926312672604, 13.6472487196473, 20.8935055272212, 13.6003828956773, 8.64799566112566, 19.3448224456376,
27.5486678011403, 14.1119522553266, 18.0441872976366, 14.3223757723943, 9.16752656031193, 29.5107553317918,
18.1351089192524, 34.059747776644, 20.1883906173259, 9.14511126207678, 15.8288980723124, 9.11141712371491,
13.9764296974803, 21.2370693981057, 8.97170691184282, 18.6447684926388, 8.55587087784462, 18.2610228885989,
9.0326215477293, 8.86823975343055, 18.6978595430442, 8.74061389730064, 17.0000948957246, 13.660096496311,
8.829764620581, 9.81546687529218, 8.77765760068228, 28.9055068755216, 16.9911593485534, 20.6880854859545,
9.04949794836455, 17.3406402442631, 8.86237619334516, 13.3274452769734, 18.9491159119471, 8.74443947184025,
32.1895598431447, 21.099313624513, 9.0244773837666, 30.8610742042011, 8.93721554105091, 20.2135050437711,
15.3871960523418, 9.06454499935456, 18.8661462066195, 8.79449742610894, 28.9321133107163, 22.7183873514746,
8.95939295676146, 29.1379489215562, 18.9639208530708, 8.94910855041712, 29.9043974473328, 21.4903961591872,
9.16718933247709, 25.5573066149708, 19.3357686813686, 9.20156474683102, 19.6541973473991, 9.30179596606036,
33.3067002672479, 26.4619621419598, 11.9548445846441, 9.11464042158316, 30.9582438229585, 16.76938598321,
9.10691394500531, 29.8755574470146, 16.4805557001817, 19.592380832872, 8.89799690114006, 19.8634441323821,
9.13329429050705, 15.2094096444672, 19.4328165162649, 21.8858316168051, 8.94622118916201, 27.9783847676106,
17.7304135147775, 20.588113065366, 16.3715864057608, 19.6573654956829, 21.4196867265441, 8.85835913755143,
27.5407766960002, 19.1411596930822, 8.87878951066877, 21.5355523390597, 8.74111671278002, 29.8918512385827,
14.8691385314522, 8.500713600101, 17.2891639472988, 8.69783954204024, 19.3266665395751, 8.76497849254447,
31.9475664201964, 21.286965539541, 28.8378707293549, 24.4415508467299, 29.0512594595437, 12.1657733150214,
8.87037806941779, 29.5472682759574, 14.5092445619683, 18.8076327900404, 26.6212646064802, 18.3761428833528,
27.4061110730276, 8.6439826172001, 30.8794740770834, 23.9519145227023, 14.005971882063, 16.7862219314095,
18.1871146355765, 13.8801455458264, 25.418506651266, 9.31301435180517, 16.2907534290974, 32.3691268806667,
14.2273870971497, 23.6512018455527, 22.6850915118249, 13.9603633834354, 9.07133512423614, 17.8501760382001,
21.1071974488521, 8.90443339547714, 30.669277375319, 21.5610681454621, 18.4942336106247, 18.7269467068138,
8.7674901131259, 26.4975655418225, 18.498358792582, 20.7811126113178, 8.96573796234541, 30.3304221601131,
8.7543114117778, 21.245212978689, 21.4033707540575, 8.85802208158075, 21.6964121791326, 8.66723927829325,
19.1102981360034, 19.218267289737, 8.89904324273161, 28.5096642672927, 18.1338280128096, 23.2871056108166,
27.7855770180971, 18.1776271062415, 13.2497495838932, 8.88049186712426, 28.4860738112311, 9.12951171230173,
22.366939002191, 17.1695229705659, 9.14719633282588, 18.1095685595418, 8.9112131705727, 30.7133723235455,
25.9580585131664, 9.21768495933348, 10.3296914354544, 8.89822150696006, 31.5003725204635, 8.8398611159397,
23.347991754858, 8.95209325427564, 15.0627735181793, 22.3458502047462, 8.89399222253706, 30.3356299152031,
23.2828979831734, 26.445419750037, 8.82384017669918, 19.5819454041179, 29.811542343274, 8.86801800495849,
31.5678394681142, 23.8490703271934, 23.9433055986845, 15.9819301809054, 30.2046112713315, 14.7907587090945,
8.97386456483107, 14.0207298274584, 28.2173479796305, 15.8374668147289, 28.8731978665987, 12.8388256280859,
8.79405260024418, 30.6248961456989, 9.11540956129836, 16.0906666841374, 26.0448087475426, 14.430925294667,
9.0245024382183, 28.9432041163898, 11.6325686296521, 8.97844299357446, 28.2802800451942, 23.2044891631613,
13.7724259323124, 12.2063071654392, 28.6631941757269, 19.5716319131302, 8.93909756157604, 31.4658711918934,
14.4595569930032, 15.3908663602339, 28.9533940178929, 8.89465002966096, 22.2502876780011, 8.63099583791526,
30.1814698339283, 15.160901945505, 21.319252204323, 32.4521758389081, 15.2512719026431, 8.90484688307852,
12.8607501134685, 23.018849683203, 19.4149408538888, 21.3234275432661, 17.913703681654, 8.68543271960571,
17.0363635572813, 9.19382696794153, 32.2797533087379, 17.9408849267436, 8.84441439427933, 17.4027555112964,
8.73508949859094, 20.761634508966, 29.8389358802435, 29.1866988761957, 8.37563827414159, 9.34360159495899,
9.12288099518447, 19.6570711965169, 8.91634896939148, 17.3974311915886, 9.39547024390175, 29.7465756289337,
8.82339467658944, 12.7796682791052, 9.13763082869452, 8.85336758280125, 14.119979793505, 9.05661100110713,
16.6595811074999, 8.6107106165188, 29.8037107040369, 17.9798497488161, 8.83725623773356, 32.9841048713153,
14.6197279191792, 16.8059254558124, 8.93998771084902, 19.680937398776, 8.87609692100215, 26.4542727181446,
20.2368013501812, 9.04578464003762, 30.877486146154, 19.6595230714724, 23.0406927069319, 8.92947702222828,
31.7468177605649, 9.12040809929203, 27.7992837239295, 30.4052896086378, 9.29098637794032, 18.4828895241244,
8.96705666110091, 30.491399201696, 14.6534193961284, 8.63335538507483, 28.3454546907907, 20.1133933833028,
8.92748965067814, 29.5328892720754, 17.4756297174402, 8.79391714425523, 22.4534137081546, 9.10131465503356,
21.0227134672167, 25.75336978944, 8.97076652365773, 30.2622791200833, 21.2550665650448, 24.8453241136448,
8.98233915169136, 30.6345810174321, 8.9878817238944, 25.0629945254823, 9.24943026479293, 27.3258744524993,
22.2024780026711, 25.0024168268865, 20.7245555340786, 8.65499488090946, 27.708633593599, 17.8264767134018,
9.1194022757486, 20.2199242816029, 8.65087705867994, 28.0463817091399, 17.3886384772996, 8.8727521804861,
30.2548032302088, 13.1579253041451, 8.92548112637653, 29.9036106596371, 14.3951882843633, 19.2438388834008,
8.86617649819115, 30.5122230969205, 17.9528535700127, 8.84661998989994, 27.8517067664345, 16.6523108096223,
21.9920825683221, 19.6756884772055, 9.16869758930314, 21.11708329813, 9.01918518512958, 16.2544655482588,
24.397480441788, 8.7715547246551, 21.667065520499, 8.9985353743461, 23.5344612838424, 20.2471460547217,
8.92724491562607, 30.1494273183087, 21.5349318097033, 8.78397309492674, 15.4042024989703, 8.85727305883033,
28.0415760541319, 19.8403086244704, 9.18850153177169, 27.5575450229187, 8.70354316578408, 15.1190008741607,
8.61729706427763, 29.0728588452581, 16.371774987859, 28.7264275910259, 8.71414421870799, 29.2342113707543,
14.000804535641, 17.8437685199753, 8.85564596974687, 30.1449575644588, 19.4374979801922, 9.4331690335329,
15.8623181267889, 9.15084488089263, 31.1244713511746, 21.8744450828364, 8.95528778261, 12.7894994361791,
8.68187396206644, 32.520123569707, 8.78951231423395, 23.0103914153074, 9.02750118981997, 12.3728812653535,
8.70213892208219, 20.8933395601012, 29.4303060777852, 20.4710064541085, 9.17720639240956, 15.8191160452987,
17.9478611072847, 22.5144228480099, 28.39963966151, 9.37402695838473, 30.3628255310263, 33.8797468254149,
