K <-
3
V <-
10
T <-
100
T_unsup <-
500
alpha <-
c(1, 1, 1)
beta <-
c(0.1, 0.1, 0.1, 0.1, 0.1, 0.1, 0.1, 0.1, 0.1, 0.1)
w <-
c(5, 2, 8, 5, 5, 5, 8, 8, 6, 6, 1, 9, 1, 5, 10, 6, 8, 2, 8, 5, 
8, 6, 10, 6, 5, 6, 2, 5, 5, 6, 10, 1, 6, 8, 8, 2, 6, 8, 6, 5, 
8, 8, 5, 3, 1, 8, 6, 5, 6, 2, 8, 6, 1, 6, 6, 8, 8, 6, 2, 8, 5, 
8, 8, 1, 2, 8, 5, 6, 6, 6, 8, 5, 1, 6, 10, 6, 8, 6, 1, 6, 8, 
5, 8, 10, 1, 6, 6, 5, 6, 5, 1, 6, 1, 6, 8, 8, 5, 6, 6, 5)
z <-
c(1, 3, 2, 1, 1, 1, 2, 2, 2, 1, 2, 1, 2, 1, 3, 2, 2, 3, 2, 1, 
2, 2, 1, 2, 1, 2, 3, 1, 1, 2, 1, 2, 2, 2, 2, 1, 1, 2, 1, 1, 2, 
2, 1, 3, 2, 2, 2, 1, 2, 3, 2, 1, 2, 2, 1, 2, 2, 1, 3, 2, 1, 2, 
2, 2, 3, 2, 1, 2, 2, 2, 2, 1, 2, 2, 1, 2, 2, 2, 2, 2, 2, 1, 2, 
1, 2, 2, 2, 1, 2, 1, 2, 2, 2, 2, 2, 2, 1, 2, 2, 1)
u <-
c(2, 10, 2, 8, 1, 5, 6, 3, 6, 6, 5, 5, 8, 5, 6, 8, 6, 8, 5, 6, 
8, 6, 5, 6, 5, 8, 5, 8, 5, 2, 6, 5, 8, 6, 9, 8, 5, 3, 6, 5, 1, 
4, 6, 8, 6, 5, 5, 6, 3, 6, 8, 9, 8, 6, 8, 8, 8, 6, 6, 5, 6, 6, 
8, 5, 8, 6, 5, 2, 6, 5, 1, 6, 6, 5, 6, 5, 2, 9, 6, 5, 1, 6, 6, 
8, 3, 8, 5, 1, 5, 5, 5, 8, 1, 1, 6, 5, 3, 1, 5, 5, 8, 5, 10, 
6, 6, 2, 5, 1, 5, 8, 6, 6, 6, 5, 6, 8, 5, 5, 8, 8, 1, 1, 5, 8, 
3, 4, 6, 6, 5, 2, 6, 1, 6, 5, 8, 6, 5, 8, 1, 8, 8, 8, 5, 1, 8, 
6, 2, 6, 6, 1, 1, 5, 2, 8, 6, 6, 6, 4, 8, 6, 8, 2, 5, 4, 6, 5, 
6, 10, 6, 6, 6, 8, 5, 6, 1, 6, 6, 6, 5, 6, 5, 6, 6, 5, 8, 5, 
3, 5, 1, 6, 6, 5, 8, 6, 6, 2, 1, 8, 5, 8, 4, 6, 5, 5, 1, 8, 5, 
8, 6, 4, 8, 2, 6, 4, 8, 6, 1, 5, 6, 4, 8, 8, 6, 5, 1, 2, 10, 
5, 5, 6, 6, 8, 6, 1, 5, 6, 5, 6, 6, 8, 5, 5, 6, 5, 6, 8, 8, 6, 
6, 8, 6, 5, 6, 8, 5, 5, 1, 6, 2, 8, 6, 1, 6, 6, 5, 8, 1, 8, 1, 
8, 8, 6, 2, 5, 2, 6, 8, 5, 8, 1, 8, 6, 1, 5, 2, 5, 8, 6, 8, 5, 
6, 8, 8, 5, 1, 1, 5, 6, 6, 5, 6, 5, 8, 5, 6, 1, 5, 2, 5, 4, 1, 
8, 1, 7, 5, 6, 6, 1, 8, 2, 6, 6, 6, 5, 6, 5, 3, 6, 6, 5, 1, 1, 
5, 6, 8, 10, 8, 6, 8, 5, 6, 6, 5, 5, 6, 8, 6, 1, 8, 6, 8, 6, 
1, 3, 2, 1, 8, 6, 6, 5, 6, 8, 6, 6, 5, 8, 10, 6, 8, 5, 5, 2, 
6, 4, 5, 8, 5, 8, 10, 2, 8, 5, 6, 6, 5, 6, 6, 8, 6, 5, 5, 1, 
5, 6, 6, 5, 1, 2, 8, 6, 2, 8, 6, 6, 6, 6, 8, 5, 5, 5, 6, 8, 8, 
5, 3, 5, 6, 6, 5, 8, 8, 6, 6, 9, 8, 5, 1, 1, 8, 8, 6, 5, 6, 6, 
8, 6, 5, 6, 8, 6, 5, 1, 6, 6, 6, 5, 8, 5, 1, 5, 5, 1, 7, 8, 8, 
6, 10, 6, 5, 6, 3, 6, 8, 6, 8, 2, 5, 5, 6, 6, 4, 8, 6, 5, 6, 
8, 5, 6, 9, 5, 8, 8, 6, 3, 10, 8, 6, 6, 6, 6, 5, 2, 6, 6, 6, 
8, 6, 8, 8, 5)
theta <-
structure(c(0.185256306971661, 0.466185678350439, 0.341016069133826, 
0.658296409846023, 0.467802338567667, 0.584661877593448, 0.156447283182316, 
0.0660119830818936, 0.0743220532727259), .Dim = c(3L, 3L))
phi <-
structure(c(1.77224854014784e-07, 0.170280661634971, 6.39627867555112e-06, 
0.00807960646623265, 4.04547445195928e-08, 0.496497775506653, 
1.16665787036093e-06, 6.39063485396318e-05, 0.273391899221941, 
0.0540239875177005, 9.14825799507589e-10, 0.0575533522897364, 
0.637412916908373, 0.00129884840116366, 0.00162242230361198, 
0.258391450793238, 0.461907253415012, 8.93375913660173e-05, 0.00506291509744452, 
0.00685879422899121, 6.28427864665334e-08, 2.13536532045731e-15, 
0.359050002846409, 0.0363154301945603, 0.0137515608611649, 7.92938944187345e-14, 
2.02881931946146e-08, 0.02327621847312, 0.000540491755263681, 
0.134523303482475), .Dim = c(3L, 10L))
z <-
c(1, 3, 2, 1, 1, 1, 2, 2, 2, 1, 2, 1, 2, 1, 3, 2, 2, 3, 2, 1, 
2, 2, 1, 2, 1, 2, 3, 1, 1, 2, 1, 2, 2, 2, 2, 1, 1, 2, 1, 1, 2, 
2, 1, 3, 2, 2, 2, 1, 2, 3, 2, 1, 2, 2, 1, 2, 2, 1, 3, 2, 1, 2, 
2, 2, 3, 2, 1, 2, 2, 2, 2, 1, 2, 2, 1, 2, 2, 2, 2, 2, 2, 1, 2, 
1, 2, 2, 2, 1, 2, 1, 2, 2, 2, 2, 2, 2, 1, 2, 2, 1)
y <-
c(3, 3, 3, 2, 2, 1, 2, 3, 2, 2, 1, 1, 2, 1, 1, 2, 1, 2, 1, 1, 
3, 2, 1, 2, 1, 2, 1, 2, 1, 3, 2, 1, 2, 2, 1, 2, 1, 3, 2, 1, 2, 
1, 2, 2, 2, 1, 1, 1, 3, 1, 2, 1, 2, 1, 2, 2, 2, 1, 2, 1, 1, 2, 
2, 1, 3, 2, 1, 3, 2, 1, 2, 2, 1, 1, 2, 1, 3, 1, 2, 1, 2, 2, 2, 
2, 3, 2, 1, 2, 1, 1, 1, 2, 2, 2, 2, 1, 3, 2, 1, 1, 2, 1, 1, 2, 
1, 3, 1, 2, 1, 2, 2, 1, 2, 1, 2, 2, 1, 1, 2, 2, 2, 2, 1, 2, 3, 
1, 2, 1, 1, 3, 2, 2, 2, 1, 2, 2, 1, 2, 2, 2, 2, 2, 1, 2, 2, 1, 
3, 1, 1, 2, 2, 1, 3, 2, 2, 2, 2, 1, 2, 1, 2, 3, 1, 1, 2, 1, 1, 
3, 1, 1, 2, 2, 1, 2, 2, 2, 2, 2, 1, 2, 1, 2, 2, 1, 2, 1, 3, 1, 
2, 2, 2, 1, 2, 1, 2, 3, 2, 2, 1, 2, 1, 2, 1, 1, 2, 2, 1, 2, 2, 
1, 2, 3, 2, 1, 2, 2, 2, 1, 2, 1, 2, 2, 2, 1, 2, 1, 3, 1, 1, 2, 
1, 3, 2, 2, 1, 2, 1, 2, 1, 2, 1, 1, 2, 1, 1, 2, 2, 2, 2, 2, 2, 
1, 2, 2, 1, 1, 2, 2, 3, 2, 2, 2, 2, 2, 1, 2, 2, 2, 2, 2, 2, 2, 
3, 1, 3, 2, 2, 1, 2, 2, 2, 2, 2, 1, 3, 1, 2, 1, 2, 1, 2, 2, 2, 
1, 2, 2, 1, 2, 2, 1, 2, 1, 2, 1, 2, 2, 1, 3, 1, 1, 2, 2, 2, 2, 
1, 2, 1, 2, 2, 3, 2, 1, 2, 1, 2, 1, 3, 1, 2, 1, 2, 2, 1, 2, 2, 
3, 2, 1, 2, 1, 2, 2, 1, 1, 2, 2, 1, 2, 2, 2, 2, 1, 2, 3, 3, 2, 
2, 2, 2, 1, 2, 2, 1, 2, 1, 3, 3, 1, 2, 1, 1, 3, 2, 3, 1, 3, 1, 
2, 1, 3, 2, 1, 2, 2, 1, 2, 2, 2, 1, 1, 1, 2, 1, 2, 2, 1, 2, 3, 
2, 1, 3, 2, 2, 1, 2, 2, 2, 1, 1, 1, 2, 2, 2, 1, 3, 1, 2, 2, 1, 
2, 2, 2, 2, 1, 2, 1, 2, 2, 2, 2, 1, 1, 2, 2, 2, 2, 1, 1, 3, 2, 
1, 2, 2, 1, 2, 1, 2, 1, 2, 1, 1, 2, 2, 2, 2, 2, 1, 2, 1, 2, 3, 
2, 2, 1, 2, 1, 1, 1, 2, 2, 1, 2, 2, 1, 1, 2, 1, 2, 1, 1, 2, 2, 
2, 3, 3, 2, 1, 2, 2, 2, 1, 3, 2, 1, 2, 2, 2, 2, 2, 1)
