N <- 6
T <- 90
Tsubj <- c(90,90,90,90,90,90)
subjID <- 
c(1, 1, 1, 1, 1, 1, 1, 1, 1, 1, 1, 1, 1, 1, 1, 1, 1, 1, 1, 1, 1, 1,
1, 1, 1, 1, 1, 1, 1, 1, 1, 1, 1, 1, 1, 1, 1, 1, 1, 1, 1, 1, 1, 1, 1, 1, 1, 1, 1,
1, 1, 1, 1, 1, 1, 1, 1, 1, 1, 1, 1, 1, 1, 1, 1, 1, 1, 1, 1, 1, 1, 1, 1, 1, 1, 1,
1, 1, 1, 1, 1, 1, 1, 1, 1, 1, 1, 1, 1, 1, 2, 2, 2, 2, 2, 2, 2, 2, 2, 2, 2, 2, 2,
2, 2, 2, 2, 2, 2, 2, 2, 2, 2, 2, 2, 2, 2, 2, 2, 2, 2, 2, 2, 2, 2, 2, 2, 2, 2, 2,
2, 2, 2, 2, 2, 2, 2, 2, 2, 2, 2, 2, 2, 2, 2, 2, 2, 2, 2, 2, 2, 2, 2, 2, 2, 2, 2,
2, 2, 2, 2, 2, 2, 2, 2, 2, 2, 2, 2, 2, 2, 2, 2, 2, 2, 2, 2, 2, 2, 2, 3, 3, 3, 3,
3, 3, 3, 3, 3, 3, 3, 3, 3, 3, 3, 3, 3, 3, 3, 3, 3, 3, 3, 3, 3, 3, 3, 3, 3, 3, 3,
3, 3, 3, 3, 3, 3, 3, 3, 3, 3, 3, 3, 3, 3, 3, 3, 3, 3, 3, 3, 3, 3, 3, 3, 3, 3, 3,
3, 3, 3, 3, 3, 3, 3, 3, 3, 3, 3, 3, 3, 3, 3, 3, 3, 3, 3, 3, 3, 3, 3, 3, 3, 3, 3,
3, 3, 3, 3, 3, 4, 4, 4, 4, 4, 4, 4, 4, 4, 4, 4, 4, 4, 4, 4, 4, 4, 4, 4, 4, 4, 4,
4, 4, 4, 4, 4, 4, 4, 4, 4, 4, 4, 4, 4, 4, 4, 4, 4, 4, 4, 4, 4, 4, 4, 4, 4, 4, 4,
4, 4, 4, 4, 4, 4, 4, 4, 4, 4, 4, 4, 4, 4, 4, 4, 4, 4, 4, 4, 4, 4, 4, 4, 4, 4, 4,
4, 4, 4, 4, 4, 4, 4, 4, 4, 4, 4, 4, 4, 4, 5, 5, 5, 5, 5, 5, 5, 5, 5, 5, 5, 5, 5,
5, 5, 5, 5, 5, 5, 5, 5, 5, 5, 5, 5, 5, 5, 5, 5, 5, 5, 5, 5, 5, 5, 5, 5, 5, 5, 5,
5, 5, 5, 5, 5, 5, 5, 5, 5, 5, 5, 5, 5, 5, 5, 5, 5, 5, 5, 5, 5, 5, 5, 5, 5, 5, 5,
5, 5, 5, 5, 5, 5, 5, 5, 5, 5, 5, 5, 5, 5, 5, 5, 5, 5, 5, 5, 5, 5, 5, 6, 6, 6, 6,
6, 6, 6, 6, 6, 6, 6, 6, 6, 6, 6, 6, 6, 6, 6, 6, 6, 6, 6, 6, 6, 6, 6, 6, 6, 6, 6,
6, 6, 6, 6, 6, 6, 6, 6, 6, 6, 6, 6, 6, 6, 6, 6, 6, 6, 6, 6, 6, 6, 6, 6, 6, 6, 6,
6, 6, 6, 6, 6, 6, 6, 6, 6, 6, 6, 6, 6, 6, 6, 6, 6, 6, 6, 6, 6, 6, 6, 6, 6, 6, 6,
6, 6, 6, 6, 6)
trial_number <- 
c(1, 2, 3, 4, 5, 6, 7, 8, 9, 10, 11, 12, 13, 14, 15, 16, 17,
18, 19, 20, 21, 22, 23, 24, 25, 26, 27, 28, 29, 30, 31, 32, 33, 34, 35, 36, 37,
38, 39, 40, 41, 42, 43, 44, 45, 46, 47, 48, 49, 50, 51, 52, 53, 54, 55, 56, 57,
58, 59, 60, 61, 62, 63, 64, 65, 66, 67, 68, 69, 70, 71, 72, 73, 74, 75, 76, 77,
78, 79, 80, 81, 82, 83, 84, 85, 86, 87, 88, 89, 90, 1, 2, 3, 4, 5, 6, 7, 8, 9,
10, 11, 12, 13, 14, 15, 16, 17, 18, 19, 20, 21, 22, 23, 24, 25, 26, 27, 28, 29,
30, 31, 32, 33, 34, 35, 36, 37, 38, 39, 40, 41, 42, 43, 44, 45, 46, 47, 48, 49,
50, 51, 52, 53, 54, 55, 56, 57, 58, 59, 60, 61, 62, 63, 64, 65, 66, 67, 68, 69,
70, 71, 72, 73, 74, 75, 76, 77, 78, 79, 80, 81, 82, 83, 84, 85, 86, 87, 88, 89,
90, 1, 2, 3, 4, 5, 6, 7, 8, 9, 10, 11, 12, 13, 14, 15, 16, 17, 18, 19, 20, 21,
22, 23, 24, 25, 26, 27, 28, 29, 30, 31, 32, 33, 34, 35, 36, 37, 38, 39, 40, 41,
42, 43, 44, 45, 46, 47, 48, 49, 50, 51, 52, 53, 54, 55, 56, 57, 58, 59, 60, 61,
62, 63, 64, 65, 66, 67, 68, 69, 70, 71, 72, 73, 74, 75, 76, 77, 78, 79, 80, 81,
82, 83, 84, 85, 86, 87, 88, 89, 90, 1, 2, 3, 4, 5, 6, 7, 8, 9, 10, 11, 12, 13,
14, 15, 16, 17, 18, 19, 20, 21, 22, 23, 24, 25, 26, 27, 28, 29, 30, 31, 32, 33,
34, 35, 36, 37, 38, 39, 40, 41, 42, 43, 44, 45, 46, 47, 48, 49, 50, 51, 52, 53,
54, 55, 56, 57, 58, 59, 60, 61, 62, 63, 64, 65, 66, 67, 68, 69, 70, 71, 72, 73,
74, 75, 76, 77, 78, 79, 80, 81, 82, 83, 84, 85, 86, 87, 88, 89, 90, 1, 2, 3, 4,
5, 6, 7, 8, 9, 10, 11, 12, 13, 14, 15, 16, 17, 18, 19, 20, 21, 22, 23, 24, 25,
26, 27, 28, 29, 30, 31, 32, 33, 34, 35, 36, 37, 38, 39, 40, 41, 42, 43, 44, 45,
46, 47, 48, 49, 50, 51, 52, 53, 54, 55, 56, 57, 58, 59, 60, 61, 62, 63, 64, 65,
66, 67, 68, 69, 70, 71, 72, 73, 74, 75, 76, 77, 78, 79, 80, 81, 82, 83, 84, 85,
86, 87, 88, 89, 90, 1, 2, 3, 4, 5, 6, 7, 8, 9, 10, 11, 12, 13, 14, 15, 16, 17,
18, 19, 20, 21, 22, 23, 24, 25, 26, 27, 28, 29, 30, 31, 32, 33, 34, 35, 36, 37,
38, 39, 40, 41, 42, 43, 44, 45, 46, 47, 48, 49, 50, 51, 52, 53, 54, 55, 56, 57,
58, 59, 60, 61, 62, 63, 64, 65, 66, 67, 68, 69, 70, 71, 72, 73, 74, 75, 76, 77,
78, 79, 80, 81, 82, 83, 84, 85, 86, 87, 88, 89, 90)
RT <- 
c(2579, 1736, 1006, 1374, 1119, 1147, 1034, 953, 1114, 3243, 2955, 1105,
920, 242, 1665, 801, 793, 816, 1009, 191, 64, 807, 1047, 401, 1009, 707, 516,
66, 2206, 826, 391, 293, 310, 923, 744, 278, 450, 267, 169, 179, 142, 863, 75,
183, 84, 2191, 269, 396, 137, 124, 1926, 96, 59, 342, 157, 122, 29, 985, 142,
246, 254, 107, 86, 50, 1507, 247, 21, 276, 1697, 208, 874, 4451, 255, 220, 2058,
198, 293, 133, 281, 63, 1945, 238, 210, 3110, 660, 13, 744, 3835, 72, 90, 857,
437, 289, 514, 233, 321, 266, 288, 480, 330, 421, 290, 540, 71, 184, 236, 364,
241, 62, 456, 653, 282, 42, 52, 443, 353, 265, 245, 286, 198, 76, 261, 166, 333,
99, 255, 257, 199, 118, 233, 49, 102, 512, 20, 198, 201, 17, 74, 211, 109, 410,
304, 220, 21, 271, 1458, 254, 216, 241, 21, 8, 168, 387, 266, 277, 350, 358,
407, 5, 369, 175, 650, 459, 129, 443, 398, 105, 239, 76, 198, 186, 130, 211,
231, 75, 41, 406, 367, 100, 967, 2755, 1695, 1291, 940, 1716, 1165, 1306, 1815,
1467, 1420, 1625, 1157, 1225, 1438, 1683, 1838, 1618, 1708, 970, 1151, 1928,
1758, 2629, 1439, 1328, 1193, 1290, 1487, 1154, 1205, 1449, 1497, 1430, 1514,
992, 1920, 1612, 1224, 549, 617, 1139, 1991, 1678, 1776, 1733, 1216, 1125, 1618,
1828, 1781, 553, 899, 388, 615, 594, 346, 1069, 894, 576, 592, 1508, 383, 428,
432, 454, 926, 346, 355, 879, 827, 437, 432, 411, 1125, 422, 290, 366, 360, 396,
408, 442, 419, 1415, 1163, 717, 537, 1530, 1024, 375, 777, 940, 3222, 1295,
1943, 1176, 918, 1404, 1259, 1847, 952, 1341, 2206, 4242, 13020, 1142, 1633,
1077, 2892, 524, 797, 1576, 1018, 1626, 766, 1089, 546, 982, 1950, 663, 482,
634, 466, 1844, 576, 618, 659, 389, 1116, 2504, 374, 342, 409, 2010, 445, 412,
404, 392, 1678, 428, 385, 370, 537, 1625, 355, 400, 381, 339, 320, 375, 525,
1071, 1389, 359, 412, 434, 566, 875, 361, 381, 671, 900, 394, 294, 249, 341,
1096, 1049, 339, 418, 415, 354, 1097, 580, 360, 1281, 642, 279, 926, 906, 326,
459, 762, 623, 722, 1220, 983, 919, 802, 834, 810, 657, 801, 803, 839, 824, 950,
870, 776, 854, 760, 713, 821, 810, 1050, 928, 725, 728, 657, 703, 823, 852, 638,
861, 768, 641, 741, 829, 782, 909, 736, 883, 681, 893, 810, 1219, 911, 781, 763,
810, 756, 735, 728, 1035, 743, 857, 742, 652, 777, 837, 775, 872, 789, 793, 888,
851, 878, 920, 772, 784, 957, 746, 784, 750, 746, 937, 836, 720, 729, 639, 784,
599, 705, 817, 785, 726, 1112, 799, 818, 847, 778, 7265, 8033, 5415, 5183, 1609,
3036, 10138, 3121, 2224, 3415, 3309, 5624, 5032, 5991, 2220, 665, 6233, 6381,
15254, 8786, 11423, 5114, 2545, 13957, 1837, 4679, 2697, 12661, 1942, 3170,
6455, 3171, 5667, 4606, 9317, 1734, 6134, 1547, 729, 4438, 4940, 1126, 1726,
611, 982, 3389, 372, 54, 5306, 806, 2225, 1382, 4960, 641, 1525, 1188, 2095,
346, 4855, 4182, 788, 2593, 163, 965, 927, 2085, 826, 5905, 27, 2324, 606, 8977,
3788, 3013, 732, 2932, 520, 4407, 5193, 3191, 390, 7450, 2018, 1206, 1363, 3957,
6344, 5897, 1421, 885)
