N <- 10
M <- 9
y <- 
c(0.485889577206331, 0.877141785202342, 1.12957418942529, 1.62133424958519, 1.8090494230075,
2.00885275641464, 2.51177900445428, 2.38715486348589, 2.54615643687868)
m <- 1
