N <- 5
T <- 140
Tsubj <- c(140, 140, 140, 140, 140)
gain <- structure(
c(9, 6, 6, 2, 4, 5, 12, 4, 5, 4, 9, 9, 5, 6, 8, 10, 10, 9, 8, 6, 12, 5,
8, 9, 9, 5, 2, 2, 4, 10, 12, 2, 13, 5, 2, 2, 30, 8, 4, 23, 4, 5, 8, 9, 8, 12, 9,
6, 2, 4, 6, 5, 6, 12, 9, 10, 4, 9, 4, 8, 5, 5, 8, 10, 2, 8, 4, 10, 22, 25, 6,
12, 4, 8, 10, 5, 10, 2, 12, 13, 5, 26, 5, 8, 2, 6, 9, 8, 28, 9, 8, 10, 4, 12,
12, 4, 10, 10, 26, 12, 2, 9, 10, 8, 3, 5, 6, 12, 4, 6, 6, 6, 4, 6, 12, 12, 19,
12, 2, 6, 2, 5, 4, 8, 12, 12, 2, 7, 25, 2, 12, 12, 5, 9, 8, 2, 9, 10, 10, 10, 2,
5, 6, 26, 9, 2, 8, 25, 4, 5, 6, 10, 4, 12, 5, 12, 6, 19, 4, 12, 4, 9, 9, 10, 10,
6, 10, 4, 10, 4, 8, 12, 9, 10, 2, 2, 2, 2, 7, 8, 12, 2, 9, 8, 2, 12, 8, 4, 10,
8, 2, 4, 8, 9, 9, 6, 13, 5, 6, 5, 8, 12, 5, 9, 8, 10, 5, 6, 13, 10, 5, 2, 5, 2,
2, 5, 9, 8, 9, 2, 12, 8, 2, 6, 5, 12, 9, 8, 10, 9, 6, 2, 10, 2, 26, 12, 8, 6,
10, 12, 4, 9, 4, 9, 28, 22, 10, 4, 4, 12, 8, 3, 9, 23, 4, 4, 8, 8, 4, 25, 12,
12, 5, 5, 12, 12, 5, 12, 5, 6, 30, 6, 12, 4, 10, 6, 10, 6, 5, 6, 4, 10, 26, 6,
4, 12, 5, 6, 9, 6, 22, 2, 8, 12, 5, 6, 4, 28, 12, 9, 12, 5, 2, 4, 8, 2, 2, 2, 5,
12, 12, 6, 30, 12, 6, 12, 6, 5, 5, 12, 5, 10, 12, 13, 9, 6, 8, 8, 12, 12, 9, 6,
2, 10, 2, 6, 2, 10, 8, 9, 4, 6, 9, 12, 8, 10, 4, 5, 6, 4, 25, 2, 10, 4, 9, 6, 8,
5, 23, 8, 10, 5, 12, 2, 19, 4, 4, 4, 5, 10, 5, 10, 10, 10, 13, 8, 8, 10, 5, 4,
5, 9, 6, 26, 4, 2, 6, 8, 9, 8, 12, 25, 12, 9, 4, 8, 12, 2, 9, 2, 8, 5, 2, 5, 8,
10, 8, 2, 4, 2, 3, 12, 10, 9, 4, 7, 9, 9, 10, 9, 9, 6, 6, 2, 4, 5, 12, 4, 5, 4,
9, 9, 5, 6, 8, 10, 10, 9, 8, 6, 12, 5, 8, 9, 9, 5, 2, 2, 4, 10, 12, 2, 13, 5, 2,
2, 30, 8, 4, 23, 4, 5, 8, 9, 8, 12, 9, 6, 2, 4, 6, 5, 6, 12, 9, 10, 4, 9, 4, 8,
5, 5, 8, 10, 2, 8, 4, 10, 22, 25, 6, 12, 4, 8, 10, 5, 10, 2, 12, 13, 5, 26, 5,
8, 2, 6, 9, 8, 28, 9, 8, 10, 4, 12, 12, 4, 10, 10, 26, 12, 2, 9, 10, 8, 3, 5, 6,
12, 4, 6, 6, 6, 4, 6, 12, 12, 19, 12, 2, 6, 2, 5, 4, 8, 12, 12, 2, 7, 25, 2, 12,
12, 5, 9, 8, 2, 9, 10, 10, 10, 2, 5, 6, 26, 9, 2, 8, 25, 4, 5, 6, 10, 4, 12, 5,
12, 6, 19, 4, 12, 4, 9, 9, 10, 10, 6, 10, 4, 10, 4, 8, 12, 9, 10, 2, 2, 2, 2, 7,
8, 12, 2, 9, 8, 2, 12, 8, 4, 10, 8, 2, 4, 8, 9, 9, 6, 13, 5, 6, 5, 8, 12, 5, 9,
8, 10, 5, 6, 13, 10, 5, 2, 5, 2, 2, 5, 9, 8, 9, 2, 12, 8, 2, 6, 5, 12, 9, 8, 10,
9, 6, 2, 10, 2, 26, 12, 8, 6, 10, 12, 4, 9, 4, 9, 28, 22, 10, 4, 4, 12, 8, 3, 9,
23, 4, 4, 8, 8, 4, 25, 12, 12, 5, 5, 12, 12, 5, 12, 5, 6, 30, 6, 12, 4, 10, 6,
10, 6, 5, 6)
,.Dim=c(5,140))
loss <- structure(
c(6.75, 6.75, 3, 1.5, 3, 6.88, 9, 5, 7.5, 4, 5.63, 14.63,
9.38, 4.5, 7, 16.25, 17.5, 16.88, 5, 1.5, 18, 6.25, 4, 15.75, 13.5,
8.13, 0, 3.75, 6.5, 5, 22.5, 1, 0, 2.5, 0.5, 3.25, 0, 8, 5.5, 0,
3.5, 0, 0, 10.13, 16, 24, 3.38, 5.25, 4, 1, 11.25, 4.38, 2.25, 10.5,
18, 20, 4.5, 2.25, 6, 10, 5, 8.75, 6, 13.75, 2.5, 11, 2, 7.5, 0,
0, 9.75, 0, 2.5, 3, 11.25, 10, 15, 3.5, 0, 0, 3.75, 0, 5.63, 2, 3,
9, 7.88, 14, 0, 12.38, 15, 2.5, 0, 6, 16.5, 7.5, 8.75, 18.75, 0, 21,
0.75, 9, 6.25, 12, 0, 1.88, 7.5, 13.5, 7, 8.25, 12, 10.5, 8, 6, 0,
19.5, 0, 15, 1.75, 3.75, 1.25, 1.25, 1.5, 13, 7.5, 3, 2.75, 0, 0, 2,
4.5, 12, 3.13, 11.25, 9, 2.25, 4.5, 3.75, 10, 12.5, 2.5, 5.63, 7.5,
0, 4.5, 1.25, 3, 0, 4.5, 10, 9, 6.25, 4, 3, 5, 0, 9.75, 0, 7.5, 9,
6.5, 5.63, 18, 11.25, 13.75, 12, 12.5, 7, 7.5, 8, 11, 0, 3.38,
18.75, 3.5, 1, 3.25, 0, 0, 0, 6, 0.5, 7.88, 15, 1.5, 22.5, 7, 5.5,
8.75, 9, 4, 0, 8, 13.5, 9, 3.75, 0, 1.88, 6, 6.88, 16, 7.5, 1.25,
14.63, 4, 17.5, 3.75, 10.5, 0, 16.25, 7.5, 1.75, 9.38, 2.75, 0.75,
8.13, 11.25, 13, 16.88, 2, 18, 2, 3, 4.5, 0, 19.5, 15.75, 6, 2.5,
6.75, 6.75, 3.75, 5, 2.25, 0, 13.5, 5, 3, 3.75, 10.5, 5, 2.25, 3,
10.13, 0, 0, 10, 1, 2.5, 24, 12, 0, 12.38, 0, 3.5, 1.5, 10, 14, 6,
0, 16.5, 12, 2.5, 8.75, 4.5, 15, 3.13, 21, 4.38, 11.25, 0, 1.5, 0,
2, 15, 2.25, 20, 5.25, 6.25, 8.25, 4.5, 12.5, 0, 7.5, 6.5, 4.5,
2.5, 12, 14.63, 6, 0, 1, 3, 9, 3.75, 3, 0, 0, 15, 11.25, 10.5,
1.88, 2.75, 7, 4, 0, 3.5, 1.75, 5, 12, 0, 4.5, 0, 16.5, 9.75, 22.5,
9, 3.13, 9.38, 7.5, 0, 15, 3, 0, 16.88, 11.25, 5, 14, 24, 0, 13.5,
1.5, 3, 2.5, 0.75, 10.5, 0.5, 10, 10, 12.38, 6, 2.25, 15.75, 13.5,
6, 18.75, 2, 1.25, 5.25, 8, 0, 3.25, 11.25, 7.5, 5.63, 6.75, 2,
6.25, 0, 13, 13.75, 10, 0, 2.5, 0, 4, 1, 2.5, 8.13, 3.75, 8.75, 7.5,
5, 20, 0, 9, 12, 16.25, 6.88, 5.5, 7.5, 10.13, 8.25, 0, 5, 2.25,
3.75, 8, 6.75, 15, 6, 0, 19.5, 7.88, 1.5, 7, 18, 2, 18, 1.25, 16,
4.38, 4, 5.63, 0, 17.5, 11, 1.5, 3.5, 3.75, 0, 21, 8.75, 9, 3, 0,
3.38, 2.25, 6.25, 4.5, 6.75, 6.75, 3, 1.5, 3, 6.88, 9, 5, 7.5, 4,
5.63, 14.63, 9.38, 4.5, 7, 16.25, 17.5, 16.88, 5, 1.5, 18, 6.25, 4,
15.75, 13.5, 8.13, 0, 3.75, 6.5, 5, 22.5, 1, 0, 2.5, 0.5, 3.25, 0,
8, 5.5, 0, 3.5, 0, 0, 10.13, 16, 24, 3.38, 5.25, 4, 1, 11.25, 4.38,
2.25, 10.5, 18, 20, 4.5, 2.25, 6, 10, 5, 8.75, 6, 13.75, 2.5, 11,
2, 7.5, 0, 0, 9.75, 0, 2.5, 3, 11.25, 10, 15, 3.5, 0, 0, 3.75, 0,
5.63, 2, 3, 9, 7.88, 14, 0, 12.38, 15, 2.5, 0, 6, 16.5, 7.5, 8.75,
18.75, 0, 21, 0.75, 9, 6.25, 12, 0, 1.88, 7.5, 13.5, 7, 8.25, 12,
10.5, 8, 6, 0, 19.5, 0, 15, 1.75, 3.75, 1.25, 1.25, 1.5, 13, 7.5,
3, 2.75, 0, 0, 2, 4.5, 12, 3.13, 11.25, 9, 2.25, 4.5, 3.75, 10,
12.5, 2.5, 5.63, 7.5, 0, 4.5, 1.25, 3, 0, 4.5, 10, 9, 6.25, 4, 3,
5, 0, 9.75, 0, 7.5, 9, 6.5, 5.63, 18, 11.25, 13.75, 12, 12.5, 7,
7.5, 8, 11, 0, 3.38, 18.75, 3.5, 1, 3.25, 0, 0, 0, 6, 0.5, 7.88, 15,
1.5, 22.5, 7, 5.5, 8.75, 9, 4, 0, 8, 13.5, 9, 3.75, 0, 1.88, 6,
6.88, 16, 7.5, 1.25, 14.63, 4, 17.5, 3.75, 10.5, 0, 16.25, 7.5,
1.75, 9.38, 2.75, 0.75, 8.13, 11.25, 13, 16.88, 2, 18, 2, 3, 4.5,
0, 19.5, 15.75, 6, 2.5, 6.75, 6.75, 3.75, 5, 2.25, 0, 13.5, 5, 3,
3.75, 10.5, 5, 2.25, 3, 10.13, 0, 0, 10, 1, 2.5, 24, 12, 0, 12.38,
0, 3.5, 1.5, 10, 14, 6, 0, 16.5, 12, 2.5, 8.75, 4.5, 15, 3.13, 21,
4.38, 11.25, 0, 1.5, 0, 2, 15, 2.25, 20, 5.25, 6.25, 8.25)
,.Dim=c(5,140))
cert <- structure(
c(0, 0, 0, 0, 0, 0, 0, 0, 0, 0, 0, 0, 0, 0, 0, 0, 0, 0, 0, 0, 0, 0, 0,
0, 0, 0, 1, 0, 0, 0, 0, 0, 6, 0, 0, 0, 12, 0, 0, 10, 0, 2, 3, 0, 0, 0, 0, 0, 0,
0, 0, 0, 0, 0, 0, 0, 0, 0, 0, 0, 0, 0, 0, 0, 0, 0, 0, 0, 10, 10, 0, 5, 0, 0, 0,
0, 0, 0, 4, 5, 0, 12, 0, 0, 0, 0, 0, 0, 13, 0, 0, 0, 2, 0, 0, 0, 0, 0, 10, 0, 0,
0, 0, 0, 1, 0, 0, 0, 0, 0, 0, 0, 0, 0, 6, 0, 8, 0, 0, 0, 0, 0, 0, 0, 0, 0, 0, 3,
9, 0, 0, 0, 0, 0, 0, 0, 0, 0, 0, 0, 0, 0, 0, 10, 0, 0, 0, 9, 0, 0, 0, 0, 0, 0,
0, 5, 0, 8, 0, 0, 0, 0, 0, 0, 0, 0, 0, 0, 0, 0, 0, 4, 0, 0, 0, 0, 0, 1, 3, 3, 0,
0, 0, 0, 0, 0, 0, 0, 0, 0, 0, 2, 0, 0, 0, 0, 6, 0, 0, 0, 0, 0, 0, 0, 0, 0, 0, 0,
5, 0, 0, 0, 0, 0, 0, 0, 0, 0, 0, 0, 0, 0, 0, 0, 2, 0, 0, 0, 0, 0, 0, 0, 0, 0,
12, 0, 0, 0, 0, 0, 0, 0, 0, 0, 13, 10, 0, 0, 0, 0, 0, 1, 0, 10, 0, 0, 0, 0, 0,
10, 0, 0, 0, 0, 0, 0, 0, 0, 0, 0, 12, 0, 6, 0, 0, 0, 0, 0, 0, 0, 0, 0, 12, 0, 0,
0, 0, 0, 0, 0, 10, 0, 0, 0, 0, 0, 2, 13, 0, 0, 0, 0, 0, 0, 0, 1, 0, 0, 0, 0, 6,
0, 12, 0, 0, 0, 0, 0, 0, 0, 2, 0, 0, 6, 0, 0, 0, 0, 0, 5, 0, 0, 0, 0, 0, 0, 0,
0, 0, 0, 0, 0, 0, 0, 0, 0, 0, 0, 0, 0, 9, 0, 0, 0, 0, 0, 0, 0, 10, 0, 0, 0, 4,
0, 8, 0, 0, 0, 0, 0, 0, 0, 0, 0, 5, 0, 0, 0, 0, 0, 0, 0, 0, 10, 0, 0, 0, 0, 0,
0, 0, 10, 0, 0, 0, 0, 0, 0, 0, 0, 0, 0, 0, 0, 3, 0, 0, 0, 0, 0, 1, 0, 0, 0, 0,
3, 0, 0, 0, 0, 0, 0, 0, 0, 0, 0, 0, 0, 0, 0, 0, 0, 0, 0, 0, 0, 0, 0, 0, 0, 0, 0,
0, 0, 0, 0, 1, 0, 0, 0, 0, 0, 6, 0, 0, 0, 12, 0, 0, 10, 0, 2, 3, 0, 0, 0, 0, 0,
0, 0, 0, 0, 0, 0, 0, 0, 0, 0, 0, 0, 0, 0, 0, 0, 0, 0, 0, 0, 10, 10, 0, 5, 0, 0,
0, 0, 0, 0, 4, 5, 0, 12, 0, 0, 0, 0, 0, 0, 13, 0, 0, 0, 2, 0, 0, 0, 0, 0, 10, 0,
0, 0, 0, 0, 1, 0, 0, 0, 0, 0, 0, 0, 0, 0, 6, 0, 8, 0, 0, 0, 0, 0, 0, 0, 0, 0, 0,
3, 9, 0, 0, 0, 0, 0, 0, 0, 0, 0, 0, 0, 0, 0, 0, 10, 0, 0, 0, 9, 0, 0, 0, 0, 0,
0, 0, 5, 0, 8, 0, 0, 0, 0, 0, 0, 0, 0, 0, 0, 0, 0, 0, 4, 0, 0, 0, 0, 0, 1, 3, 3,
0, 0, 0, 0, 0, 0, 0, 0, 0, 0, 0, 2, 0, 0, 0, 0, 6, 0, 0, 0, 0, 0, 0, 0, 0, 0, 0,
0, 5, 0, 0, 0, 0, 0, 0, 0, 0, 0, 0, 0, 0, 0, 0, 0, 2, 0, 0, 0, 0, 0, 0, 0, 0, 0,
12, 0, 0, 0, 0, 0, 0, 0, 0, 0, 13, 10, 0, 0, 0, 0, 0, 1, 0, 10, 0, 0, 0, 0, 0,
10, 0, 0, 0, 0, 0, 0, 0, 0, 0, 0, 12, 0, 6, 0, 0, 0, 0, 0, 0, 0)
,.Dim=c(5,140))
