Tsubj <- 108
subjID <- 
c(1, 1, 1, 1, 1, 1, 1, 1, 1, 1, 1, 1, 1, 1, 1, 1, 1, 1, 1, 1, 1, 1,
1, 1, 1, 1, 1, 1, 1, 1, 1, 1, 1, 1, 1, 1, 1, 1, 1, 1, 1, 1, 1, 1, 1, 1, 1, 1, 1,
1, 1, 1, 1, 1, 1, 1, 1, 1, 1, 1, 1, 1, 1, 1, 1, 1, 1, 1, 1, 1, 1, 1, 1, 1, 1, 1,
1, 1, 1, 1, 1, 1, 1, 1, 1, 1, 1, 1, 1, 1, 1, 1, 1, 1, 1, 1, 1, 1, 1, 1, 1, 1, 1,
1, 1, 1, 1, 1)
trial <- 
c(1, 2, 3, 4, 5, 6, 7, 8, 9, 10, 11, 12, 13, 14, 15, 16, 17, 18, 19,
20, 21, 22, 23, 24, 25, 26, 27, 28, 29, 30, 31, 32, 33, 34, 35, 36, 37, 38, 39,
40, 41, 42, 43, 44, 45, 46, 47, 48, 49, 50, 51, 52, 53, 54, 55, 56, 57, 58, 59,
60, 61, 62, 63, 64, 65, 66, 67, 68, 69, 70, 71, 72, 73, 74, 75, 76, 77, 78, 79,
80, 81, 82, 83, 84, 85, 86, 87, 88, 89, 90, 91, 92, 93, 94, 95, 96, 97, 98, 99,
100, 101, 102, 103, 104, 105, 106, 107, 108)
delay_later <- 
c(6, 170, 28, 28, 85, 28, 28, 1, 28, 15, 1, 85, 15, 6, 1, 15,
15, 15, 6, 28, 15, 85, 170, 15, 6, 170, 15, 170, 1, 6, 85, 6, 6, 28, 170, 170,
1, 1, 85, 15, 85, 170, 170, 170, 28, 1, 170, 1, 6, 85, 85, 85, 170, 28, 1, 170,
1, 15, 6, 28, 28, 6, 1, 15, 28, 6, 170, 28, 85, 170, 85, 1, 170, 170, 28, 85, 1,
85, 170, 6, 85, 28, 28, 85, 15, 15, 6, 6, 15, 6, 28, 85, 85, 1, 6, 6, 6, 15, 1,
15, 15, 85, 1, 170, 15, 1, 1, 28)
amount_later <- 
c(10.5, 38.3, 13.4, 31.4, 30.9, 21.1, 13, 21.3, 21.1, 30.1,
10.7, 36.1, 10.5, 16.7, 11, 14.2, 12.5, 20.7, 11, 16.9, 30.1, 24.4, 41.3, 14.2,
10.5, 24.4, 49, 29.7, 11.8, 13.2, 30.9, 44, 35.1, 15.5, 43.3, 33.9, 11, 21.3,
45, 39.6, 10.5, 15, 49.8, 24.4, 13.4, 31.6, 35.6, 41.9, 17.4, 18.4, 27.3, 26,
38.3, 21.7, 10.7, 49.8, 11.2, 20.7, 44, 41.1, 16.9, 14, 31.6, 18.6, 12, 13.2,
43.3, 31.4, 19.5, 35.6, 18.4, 12.5, 41.3, 15, 12, 36.1, 18, 10.5, 33.9, 26.3,
45, 21.7, 13, 27.3, 18.6, 12.5, 26.3, 11, 10.7, 16.7, 41.1, 26, 24.4, 12.5,
17.4, 35.1, 14, 10.5, 11.8, 10.7, 39.6, 19.5, 11.2, 29.7, 49, 41.9, 18, 15.5)
delay_sooner <- 
c(0, 0, 0, 0, 0, 0, 0, 0, 0, 0, 0, 0, 0, 0, 0, 0, 0, 0, 0, 0,
0, 0, 0, 0, 0, 0, 0, 0, 0, 0, 0, 0, 0, 0, 0, 0, 0, 0, 0, 0, 0, 0, 0, 0, 0, 0, 0,
0, 0, 0, 0, 0, 0, 0, 0, 0, 0, 0, 0, 0, 0, 0, 0, 0, 0, 0, 0, 0, 0, 0, 0, 0, 0, 0,
0, 0, 0, 0, 0, 0, 0, 0, 0, 0, 0, 0, 0, 0, 0, 0, 0, 0, 0, 0, 0, 0, 0, 0, 0, 0, 0,
0, 0, 0, 0, 0, 0, 0)
amount_sooner <- 
c(10, 10, 10, 10, 10, 10, 10, 10, 10, 10, 10, 10, 10, 10, 10,
10, 10, 10, 10, 10, 10, 10, 10, 10, 10, 10, 10, 10, 10, 10, 10, 10, 10, 10, 10,
10, 10, 10, 10, 10, 10, 10, 10, 10, 10, 10, 10, 10, 10, 10, 10, 10, 10, 10, 10,
10, 10, 10, 10, 10, 10, 10, 10, 10, 10, 10, 10, 10, 10, 10, 10, 10, 10, 10, 10,
10, 10, 10, 10, 10, 10, 10, 10, 10, 10, 10, 10, 10, 10, 10, 10, 10, 10, 10, 10,
10, 10, 10, 10, 10, 10, 10, 10, 10, 10, 10, 10, 10)
choice <- 
c(1, 1, 1, 1, 1, 1, 1, 1, 1, 1, 1, 1, 1, 1, 1, 1, 1, 1, 0, 1, 1, 1,
1, 1, 1, 1, 1, 1, 0, 0, 1, 1, 1, 1, 1, 1, 1, 1, 1, 1, 0, 1, 1, 1, 1, 1, 1, 1, 1,
1, 1, 1, 1, 1, 1, 1, 1, 1, 1, 1, 1, 1, 1, 1, 1, 1, 1, 1, 1, 1, 1, 1, 1, 0, 0, 1,
1, 0, 1, 1, 1, 1, 0, 1, 1, 1, 1, 1, 0, 1, 1, 1, 1, 1, 1, 1, 1, 0, 1, 1, 1, 1, 1,
1, 1, 1, 1, 1)
