K <-
3
V <-
10
T <-
100
T_unsup <-
500
alpha <-
c(1, 1, 1)
beta <-
c(0.1, 0.1, 0.1, 0.1, 0.1, 0.1, 0.1, 0.1, 0.1, 0.1)
w <-
c(9, 9, 8, 9, 6, 9, 6, 2, 9, 8, 9, 8, 9, 9, 9, 8, 8, 6, 9, 6, 
6, 6, 9, 9, 8, 5, 9, 8, 1, 9, 9, 6, 9, 8, 1, 9, 8, 8, 9, 9, 9, 
9, 8, 2, 8, 9, 8, 9, 6, 6, 9, 9, 8, 9, 9, 9, 5, 6, 9, 6, 9, 6, 
6, 9, 6, 9, 6, 9, 9, 5, 9, 9, 6, 9, 8, 5, 6, 9, 6, 9, 8, 8, 2, 
5, 9, 6, 9, 9, 6, 10, 5, 9, 6, 9, 9, 6, 9, 6, 9, 5)
z <-
c(3, 3, 1, 2, 1, 3, 1, 2, 3, 1, 2, 1, 2, 2, 2, 1, 2, 1, 2, 1, 
1, 1, 2, 3, 1, 1, 2, 1, 1, 2, 2, 1, 2, 1, 1, 2, 1, 1, 2, 2, 2, 
3, 1, 2, 1, 2, 1, 2, 1, 1, 2, 2, 1, 2, 3, 3, 1, 1, 2, 1, 2, 1, 
1, 2, 1, 2, 1, 2, 3, 1, 2, 3, 1, 2, 1, 1, 1, 2, 1, 2, 1, 1, 2, 
1, 2, 1, 2, 2, 1, 2, 1, 2, 1, 2, 3, 1, 2, 1, 2, 1)
u <-
c(9, 6, 9, 6, 2, 6, 2, 6, 8, 9, 6, 9, 6, 9, 6, 9, 8, 9, 9, 6, 
6, 5, 2, 5, 9, 5, 6, 2, 6, 9, 8, 9, 9, 8, 8, 2, 9, 1, 9, 1, 6, 
2, 9, 8, 2, 6, 9, 5, 9, 5, 6, 9, 6, 9, 5, 9, 9, 5, 9, 9, 6, 9, 
6, 9, 5, 1, 9, 9, 5, 8, 9, 6, 9, 8, 9, 8, 5, 8, 6, 2, 6, 5, 6, 
9, 9, 8, 9, 5, 9, 9, 8, 9, 6, 2, 5, 9, 8, 9, 6, 9, 9, 5, 5, 2, 
5, 8, 9, 6, 9, 6, 2, 5, 2, 6, 6, 8, 9, 9, 8, 9, 2, 6, 9, 8, 9, 
8, 9, 9, 5, 5, 9, 6, 9, 8, 9, 8, 2, 1, 9, 5, 2, 6, 6, 9, 1, 5, 
5, 9, 5, 5, 9, 9, 5, 9, 2, 5, 9, 9, 9, 8, 5, 9, 9, 8, 6, 2, 9, 
5, 9, 6, 9, 9, 8, 2, 6, 9, 6, 9, 8, 9, 6, 9, 5, 9, 5, 6, 8, 9, 
6, 9, 6, 9, 6, 6, 9, 8, 8, 9, 9, 6, 9, 8, 9, 6, 9, 9, 5, 9, 8, 
9, 9, 6, 2, 9, 5, 9, 5, 8, 9, 6, 9, 9, 5, 9, 8, 2, 9, 6, 9, 8, 
10, 6, 6, 9, 6, 6, 9, 6, 6, 9, 9, 6, 2, 8, 9, 9, 8, 9, 6, 5, 
9, 6, 6, 9, 8, 9, 8, 9, 6, 9, 8, 9, 5, 9, 6, 9, 6, 9, 9, 9, 8, 
5, 2, 9, 6, 9, 5, 6, 9, 9, 8, 9, 8, 2, 5, 9, 6, 8, 9, 8, 6, 2, 
6, 9, 6, 6, 5, 9, 6, 2, 9, 9, 6, 6, 9, 8, 9, 6, 9, 1, 10, 6, 
9, 5, 9, 9, 5, 9, 9, 5, 2, 5, 9, 6, 9, 8, 9, 6, 5, 9, 8, 6, 9, 
9, 6, 8, 9, 6, 2, 8, 9, 5, 5, 9, 8, 8, 9, 9, 9, 9, 8, 9, 5, 2, 
5, 1, 2, 6, 9, 6, 9, 8, 9, 9, 1, 9, 9, 6, 9, 9, 8, 9, 9, 6, 8, 
9, 6, 9, 6, 8, 9, 9, 8, 9, 8, 2, 5, 2, 9, 9, 5, 9, 8, 2, 9, 8, 
9, 8, 9, 6, 9, 9, 8, 9, 5, 9, 9, 6, 9, 8, 9, 8, 9, 9, 1, 8, 8, 
9, 9, 8, 9, 6, 2, 9, 6, 8, 9, 9, 5, 8, 6, 2, 6, 9, 9, 5, 8, 5, 
9, 8, 6, 9, 8, 9, 9, 6, 8, 6, 8, 9, 8, 9, 9, 9, 9, 8, 9, 8, 9, 
5, 9, 6, 5, 9, 5, 5, 9, 6, 9, 8, 5, 9, 9, 9, 1, 1, 10, 9, 8, 
9, 6, 6, 9, 6, 9, 8, 9, 6, 9, 6, 9, 9, 8, 1, 8, 6, 9, 8, 6, 9
)
theta <-
structure(c(0.245220763667224, 0.726689866911243, 0.843802566007606, 
0.72807668686518, 0.113469088856407, 0.0370233325527696, 0.0267025494675963, 
0.159841044232349, 0.119174101439624), .Dim = c(3L, 3L))
phi <-
structure(c(0.0283496042827691, 9.08509753855271e-07, 0.000312791336245415, 
0.00237230595991451, 0.188594658098884, 0.000353494228408007, 
5.69840030666961e-06, 0.000121556549818757, 1.10614753367004e-08, 
7.15315571614273e-09, 4.20495058717609e-05, 1.32113216028575e-06, 
0.222712294381373, 1.7100373328415e-12, 0.0892199114400576, 0.413472277816281, 
1.14447556466747e-05, 0.0139023040338425, 5.09395854707153e-20, 
1.7951934970951e-14, 0.00025435934808134, 0.333085815168273, 
0.00445276320306935, 0.000434545019549682, 1.08962190685282e-08, 
0.797447137397559, 0.895521261447999, 1.98594170814344e-06, 0.00932948197766884, 
9.52180844421343e-10), .Dim = c(3L, 10L))
z <-
c(3, 3, 1, 2, 1, 3, 1, 2, 3, 1, 2, 1, 2, 2, 2, 1, 2, 1, 2, 1, 
1, 1, 2, 3, 1, 1, 2, 1, 1, 2, 2, 1, 2, 1, 1, 2, 1, 1, 2, 2, 2, 
3, 1, 2, 1, 2, 1, 2, 1, 1, 2, 2, 1, 2, 3, 3, 1, 1, 2, 1, 2, 1, 
1, 2, 1, 2, 1, 2, 3, 1, 2, 3, 1, 2, 1, 1, 1, 2, 1, 2, 1, 1, 2, 
1, 2, 1, 2, 2, 1, 2, 1, 2, 1, 2, 3, 1, 2, 1, 2, 1)
y <-
c(2, 1, 2, 1, 2, 1, 2, 1, 1, 2, 1, 2, 1, 2, 1, 2, 1, 2, 3, 1, 
1, 1, 2, 1, 2, 1, 1, 2, 1, 2, 1, 2, 3, 1, 1, 2, 3, 1, 2, 1, 1, 
2, 3, 1, 2, 1, 2, 1, 2, 1, 1, 2, 1, 2, 1, 2, 3, 1, 2, 3, 3, 3, 
1, 3, 1, 1, 2, 3, 1, 1, 2, 1, 2, 1, 2, 1, 1, 1, 1, 2, 1, 1, 1, 
2, 2, 1, 2, 1, 2, 2, 1, 2, 1, 2, 1, 2, 1, 2, 1, 2, 2, 1, 1, 2, 
1, 1, 2, 1, 2, 1, 2, 1, 2, 1, 1, 1, 2, 3, 1, 2, 2, 1, 2, 1, 2, 
1, 2, 3, 1, 1, 2, 1, 2, 1, 2, 1, 2, 1, 2, 1, 2, 1, 1, 2, 1, 3, 
1, 2, 3, 1, 2, 3, 1, 2, 2, 1, 2, 3, 2, 1, 1, 2, 3, 1, 1, 2, 3, 
1, 2, 1, 2, 3, 1, 2, 1, 2, 1, 3, 1, 2, 1, 2, 1, 2, 1, 1, 1, 2, 
1, 2, 1, 2, 1, 1, 2, 1, 1, 2, 3, 1, 2, 1, 2, 1, 2, 3, 1, 2, 1, 
2, 2, 1, 2, 3, 1, 2, 1, 1, 2, 1, 2, 2, 1, 2, 1, 2, 3, 1, 2, 1, 
2, 1, 1, 2, 1, 1, 2, 1, 1, 2, 3, 1, 2, 1, 2, 3, 1, 2, 1, 1, 2, 
1, 1, 2, 1, 2, 1, 2, 1, 2, 1, 2, 1, 2, 1, 2, 1, 2, 3, 3, 1, 1, 
2, 3, 1, 2, 1, 1, 2, 3, 1, 2, 1, 2, 1, 3, 1, 1, 2, 1, 1, 2, 1, 
2, 1, 1, 1, 2, 1, 2, 2, 3, 1, 1, 2, 1, 2, 1, 2, 1, 2, 1, 2, 1, 
2, 3, 1, 2, 3, 1, 2, 1, 2, 1, 2, 1, 2, 1, 1, 2, 1, 1, 2, 3, 1, 
1, 2, 1, 2, 1, 2, 1, 1, 2, 1, 1, 2, 2, 2, 3, 1, 2, 1, 2, 1, 1, 
2, 1, 2, 1, 2, 1, 2, 3, 1, 2, 3, 1, 2, 3, 1, 2, 3, 1, 1, 2, 1, 
2, 1, 1, 2, 3, 1, 2, 1, 2, 1, 2, 2, 3, 1, 2, 1, 2, 2, 1, 2, 1, 
2, 1, 2, 3, 1, 2, 1, 2, 3, 1, 2, 1, 2, 1, 2, 2, 1, 1, 1, 3, 3, 
1, 2, 1, 2, 3, 1, 1, 2, 3, 1, 1, 1, 2, 1, 2, 3, 1, 1, 1, 2, 1, 
1, 2, 1, 2, 2, 1, 1, 1, 1, 2, 1, 2, 2, 3, 3, 1, 2, 1, 2, 1, 2, 
1, 1, 2, 1, 1, 2, 1, 2, 1, 1, 2, 2, 3, 1, 1, 2, 3, 1, 2, 1, 1, 
2, 1, 2, 1, 2, 1, 2, 1, 2, 2, 1, 1, 2, 1, 2, 1, 1, 2)
