T <- 500
K <- 3
M <- 4
u <- 
structure(c(0.122371434936598, 0.286436277371129, -0.771729754728854, -0.444880053743416, -0.00901471558222495,
0.400447965408281, 0.738023128470728, -0.29141582117867, -1.44258832451636, -0.650934483647393,
0.934340132819762, 0.857295618713783, 0.288547390372032, 0.117806662974806, 1.00086222619229, -0.4805891549087,
-0.213785258169848, -0.819775842625239, 0.359634307335061, 0.891191622351792, 0.717524013727367,
-0.655215081881907, -0.905631069958215, 0.224320175133865, 0.698044731633223, -2.04326398763016,
-1.07912484973093, 0.42056401181589, -0.834130985837562, 1.01847618647674, 0.149086698349403,
-0.0947887656042235, 1.68332234760948, 0.380857342978739, -1.4751464254552, 0.421470219748867,
1.02871870807754, 0.726476026906934, -0.301346648158399, -0.509113567492204, 1.5014266109161, 1.37560383897061,
0.140086325674373, -1.24394047815864, -1.59872121317758, 1.38191727923476, -0.552128685580881,
0.353290210264193, 0.463214831497761, 1.14716365703082, 0.196086774214547, 0.240923089564305,
-0.331614403907664, -1.60838735565576, 0.663964609087223, 0.953959446847428, -0.292882466290139,
-0.146972865339265, 1.2222680214972, -1.35126323662475, 2.00126667773621, -1.10628048135873, -1.65271336811797,
1.4392912176795, 0.0801328107750494, 0.292877259134459, 1.00482818761225, -2.28027000590331, 0.451140922109226,
0.0238143538499647, -1.11659286124881, -1.32132112597739, -1.00963118052972, 0.0104228109816528,
-1.46256137762222, -0.434706638862859, 0.866412686749677, -1.43370387521413, -0.504919195882966,
-1.39551315616225, 0.167466315554784, -1.21030980909, 2.85571425142266, 0.903731262712788, -0.0245750708761258,
-0.378137796646486, -1.39198870660738, -0.190773929682157, -0.382328349504075, -1.03073038914392,
0.965092252839415, 0.656652655465259, 1.09291510268951, 0.0481486156272554, -2.16977582684198,
1.90728166410868, 0.920722341288753, 0.382588405881903, 0.309736532484358, 0.864525338040574,
0.508530391154111, -0.430221819794055, 0.768435432615306, -2.31549078268945, -0.922462357790912,
1.56561967818458, 0.18854837189891, -0.0982654403357084, 1.4313008330293, -1.33162403846896, 1.85644846677489,
-1.30961838492623, -0.187349032746299, -0.002031639592039, 0.561474739552319, 0.688788466746176,
-1.43767836859087, -0.424742393842321, -0.152723021642912, 0.999113876745319, -0.171393093586229,
1.46390448247095, -0.527731063913761, 0.990719336422814, -1.64484379099673, -0.379306706833191,
-0.755054713246633, -1.29305843900431, -1.61728276500623, -0.725225714000386, -0.16849243353785,
1.22626434736271, 0.229685526526114, -0.917197523960958, -1.62872963611197, 1.90553574744131, 1.17533903945638,
-1.34177466885748, -0.217667010863596, 0.556131434561824, 2.12765308324829, -0.36674924704433,
-1.63351102750967, 0.614829903378999, -0.206978036934132, -0.529013285542656, -1.63961111692794,
0.253796153758113, 0.951125694983709, -0.0689823075102979, -1.61629167572767, 0.180049454944326,
0.850477779419383, 0.611165810194636, 0.831220198771833, -1.12443838183833, -1.50222267276864,
0.407527483879189, -0.354351287982639, 0.399169660490724, 0.758898790856615, -0.571153422747897,
0.653639459455946, -0.887796844055326, 0.414995061240129, -0.822335470736465, 0.303389914489965,
-0.991776668389124, -0.296621315196856, -0.244308342322529, 2.59979293779025, 0.861401741979711,
1.94569723053507, -1.74510234381938, 0.476405272954606, 1.03696280664109, 2.74932210153545, 1.01055422587524,
-0.691055963703891, 1.99377216155596, -0.998588743259795, -0.644502086443438, -0.972342516574779,
0.276590196908909, -2.90105216708145, -0.934079664982478, -0.0201056233496302, 0.888327225266264,
0.189837842207599, 0.746487423892571, -0.0291216536688143, 0.864305266351655, 1.161897292996,
-0.125447165867685, 0.882060667681552, -0.403149739449524, 0.926557276508129, -0.904909819366632,
0.687328226941882, 0.1325185137657, 0.659243510188851, -0.322118418698324, 0.278903723550796, 1.5614709152164,
-0.762933185784715, 0.160685611861506, 0.479600144383652, -0.164230843155188, 0.0281754257378827,
-0.488906243033881, -0.395278753044509, 1.18302596360852, 0.2403643341913, -1.60870523207065,
-0.595005767398318, -0.685621560740049, 0.228557757210893, 2.15363357330536, 0.0893422952638722,
0.30190352433345, 1.30657667221837, -0.419812044048961, 0.0260666338395765, 1.32957365591272, 1.92011375173126,
-0.407376847323439, 0.733002962078589, 0.442316382253401, -0.399950276815082, 0.55974997442776,
1.65220380475528, 0.58408009455058, -2.10701516947498, -0.0246873642522973, 1.41948513672753,
0.401097437526835, -0.731530765355714, -0.881412336923238, -0.484717795860428, -0.620034398985487,
-0.560687093128869, -1.59047227322397, 0.28311954628679, -1.79882685772866, 0.824000135247873, -2.312623040907,
-0.890989797519288, -0.125387684017572, -0.123549503287705, -1.90804866181212, -0.689001631659967,
0.426858125972466, 0.325910176237623, 0.767811742819576, 0.77421382589928, 1.47504010221381, 0.688914426240169,
-0.824792095691139, -1.09904452139796, 0.733005375919502, -0.804672541435086, -0.730030569714619,
1.11392582574502, -0.24172675085474, 0.455165709053828, 0.643179498670503, -0.332004880214318,
0.659357705820522, -0.869387912719884, 2.58667676420173, 0.480803302179981, -0.152234854329938,
-0.892590571151082, 0.0339128595903147, -0.27937934772165, -0.472393427199222, -1.4766181992675,
0.357727198344727, -1.45617819186307, -0.240338118992661, -1.16481136114369, 1.20156507312767,
-0.375007483029267, -1.36892172716427, 2.17920469933398, -0.658898504543976, -2.18560625654382,
1.47228194567236, -0.732617166884216, 1.04737433025907, 1.08338586685402, -0.743445188970136, 1.07169605087133,
0.711380505244653, -0.561776515781831, 0.147830036230469, 1.82737919523499, -0.380290692593496,
-0.506850601710499, -0.231698930432003, -0.252191884509444, -1.35656178532395, -0.170722035045561,
0.825343224871443, 0.589471234090674, -0.465327245238461, -1.14471799808054, 0.293746717021566,
0.726882940846877, 0.187569574634834, -0.624256452899674, -2.30220768198118, 1.55223084186523,
1.17527648465077, 0.0893943959397423, 1.04648420404064, 0.139676049520319, -0.636267246925816,
-1.34950509924462, 0.28644604726202, -0.376122877673487, -1.17784697944622, 0.736689776825132,
-1.45603781479766, -0.288551359860786, -0.587521552496568, -0.647626459840482, -0.872550079682642,
0.335549859374009, -0.481800542859991, 0.215384696121766, 0.59471162545051, -0.662713169769997,
-1.39237522249547, -0.757127682166577, -0.804998508667011, -3.25949353567088, -0.591729972216392,
0.0767672171460521, 0.136424171604735, -0.357397123132008, 0.177967670902003, -2.36697068437511,
-0.130220329728277, 0.208492165077687, -0.973128192647907, 0.00897830041568456, -1.52997809763544,
0.15591728005069, 0.00360600345684274, -2.0427326375412, 0.39800483179285, 0.774852208234514,
0.232676531815311, 0.151547266226621, -1.00979448965164, -0.6081784373899, -0.666261624668705,
0.400851579296724, 1.17838339831725, -1.8645645254701, -0.949881981747057, -0.840530518864822,
0.857271259334287, -1.27181211616295, 1.16761312480738, 1.00534463431968, 0.487441145082786, -0.44514829795247,
-0.946113083290884, 1.09468379012699, 0.728098331771569, 0.401085729975319, -0.493318262874268,
-0.933015153695463, -1.61315846722889, 1.18684823490562, 0.853271864819647, -1.66287252253662,
2.49280958271776, -0.829032555666766, -0.42749653092476, 0.30921321096832, -0.555113731173588,
-1.13566680454773, -0.404949708672373, 0.853938898774284, -0.829359522386023, -1.15999152579654,
-2.45198280575528, 1.42617039056188, 0.851080826455833, -0.231171246230594, 1.20408649123979, 2.11489362291247,
1.09843402938281, -0.782739977012749, 1.19604581681615, 0.456868082773434, -0.127493419923323,
-0.450830029575355, 0.827536903197919, -0.332558584482986, -0.674859447340987, 0.466050800608717,
0.779173760503278, -0.658351228375398, 1.44988375993849, 0.0695366166976873, 0.87607040422879,
-0.0602042304768934, 0.408982127391578, 0.712697400388806, -1.37494656220894, -1.49590492571042,
