N <- 30
N_pred <- 150
f_all <- 
c(12.8123471894321, 1.44701822242385, 0.549469607222461, 2.85951349088241, 3.15637859797911,
0.917380427989155, 0.177903867663388, 3.7316543038582, 8.49979321299402, 1.23948438753246, 0.478026549618169,
0.662190014518258, 2.33711514864991, 2.94584383204463, 1.49685926714717, 2.287260241601, 0.189109395491511,
0.922946598869825, 3.69704200030664, 1.89164133824501, 1.73044966558158, 0.433335707897184, 2.12802802315693,
0.478659010310422, 1.63712321712743, 2.21052422094909, 2.80493295761425, 1.37119028479409, 1.87544795748876,
1.27131629748441, 7.95294517729129, 2.66388263286547, 0.460218541322436, 0.545065085013063, 0.644201266044779,
0.302629977099049, 17.8095802013225, 4.58780475216845, 1.63718213585674, 3.13486942457339, 0.799632197595815,
0.809007020629626, 1.25351883627295, 2.01278514223692, 1.78179401637491, 0.582276926885318, 1.95504181892586,
2.25103227559246, 0.612632202607906, 2.22309950652789, 0.444233678852872, 1.03724837920771, 3.55553338541722,
0.51824844400565, 0.918400320739083, 0.210676921262202, 1.4954825134104, 2.36052354942155, 1.5996343802713,
0.267825653281287, 1.58879167455355, 0.263335516129963, 0.476028876384023, 20.9086930586852, 3.05500326469649,
3.7604745279385, 0.431430898638683, 1.00797711758913, 3.1854327449565, 2.87946550259826, 2.20439393280285,
0.934863768265789, 1.10604995501029, 2.3625033743073, 1.34027470352058, 1.63604510697651, 2.23259912725441,
1.07608857876701, 0.697362982200945, 0.481878907743508, 7.95995529304404, 0.294712568943062, 1.0556622843212,
3.65321679852909, 1.28306366012088, 1.23185151583749, 3.72179407857721, 2.26999303731513, 2.34759965605965,
0.196841525848943, 1.87035022929598, 2.17318129044167, 0.934878866686, 0.187673085084594, 0.21341548078004,
0.182513836667196, 0.52716571670359, 0.440215976796941, 4.71677642409799, 1.5737435837201, 3.29821197989829,
2.28256780587679, 1.86121676432234, 0.205399878173801, 3.08229365043879, 2.53547851007193, 0.767673179886319,
0.455576830875242, 0.457786698632786, 1.85189046081996, 0.944332630274404, 0.98400159735568, 2.84054583551313,
0.294134928758346, 3.66160075243864, 3.26752417194827, 2.13095636824423, 2.33061372639778, 2.81785371003033,
1.69145913287175, 2.19178984473165, 2.01173889556291, 0.931516918670835, 2.22365643841135, 1.46918603138128,
1.91798340704929, 1.98947192340722, 3.74223482384781, 3.74465145980432, 1.72236679256414, 2.87660780437622,
0.475404459086257, 1.58196428259825, 2.31217229070738, 0.964061602372552, 5.54430732100289, 3.29596810866916,
2.12549519036501, 0.522857261326369, 2.82283835522561, 2.19594993670297, 1.31668979121494, 3.32461483593273,
1.56743221414029, 1.84133852834759, 8.12965567863701, 1.32009774324418, 5.70207831342183, 0.176218975900155,
2.86291281518427, 5.71996556997516, 2.42667265862413, 2.09487553602743, 0.687178291702805, 4.28306208495161,
0.745333934801143, 0.456073809486042, 0.178531424248813, 2.21393067947934, 0.254469248425965,
0.507291937517519, 6.55880002723267, 0.158460054999989, 1.12828307109275, 0.829268645629278, 1.29231030136728,
0.169420930868499, 5.31145567098385, 1.05229230813793, 1.50310765305184, 8.55432247778476, 1.08903318317418,
0.752320827692375, 0.823927322953943, 2.73780846116353, 4.96946290683916, 2.21762648140594, 2.89442907109083,
1.40971631519375, 2.78027495241701, 2.76204644133346, 2.11181700226507, 0.543012490848156, 3.29991166755322,
0.166967855343342, 1.83119250384518, 4.60540347724679, 0.249542380732628, 1.17214264184459, 2.21393214677173,
5.60523876663509, 0.651123149376464, 0.342137624829518, 5.95056744566909, 0.238304192640411, 0.568953982338279,
1.362515468069, 12.3476592424002, 2.17718750153693, 2.10184173974943, 0.619523472268677, 8.52817517381068,
0.315817389671314, 0.178388852359276, 6.40373441044559, 0.660273282335387, 6.1372099367466, 3.50913092755174,
0.413827552956965, 1.52336756001315, 1.47255052155303, 2.6222307731041, 0.321126724502737, 0.187305328115884,
0.991363186160664, 3.74613656545311, 2.49046929723236, 1.33505147626415, 0.353460644733919, 4.60670303053626,
0.216433874278286, 1.48092660282086, 6.55507447837351, 5.77677739871693, 28.2190662258938, 1.40913678251961,
7.58759308929476, 4.26273201116726, 0.429496184195488, 2.28696441988006, 0.165706893776723, 1.36180137031964,
2.6741144425098, 0.952616454477396, 1.02084522897495, 7.10150485324065, 29.2177630693859, 3.80128570057666,
2.19902594606523, 1.91911717505716, 0.380142103911559, 2.04213678288858, 0.855600944993852, 0.379643508533786,
1.27355670793174, 2.13092418637175, 2.49676355318838, 0.934981097592196, 0.919422547970474, 2.11085184419557,
0.310922721022154, 2.58026350408843, 3.42551447906615, 1.80716305809923, 0.247085852253716, 1.02740825627595,
19.2863923908915, 3.26056786542907, 1.72381822846754, 0.504488732321764, 1.1808156117543, 1.12787362539694,
0.543692090317898, 2.84210081813541, 1.42623563209102, 20.2877619183513, 2.74343606338142, 7.57321728975104,
3.74571018773099, 6.54052744937475, 2.03693558414664, 9.03281119717198, 1.78568783411981, 1.20391425063224,
1.13731067494232, 2.13735641724785, 5.04863131815975, 1.55137461095297, 1.47990961218399, 9.24816670718995,
5.50165429077097, 2.43995108613816, 2.61099750105662, 3.23268522481643, 3.56421205322178, 1.76655119804073,
9.26180004488714, 6.93076968067063, 0.517629214473646, 4.87353270838052, 1.1886699925434, 1.01139520446871,
4.70042264604381, 0.95183414653431, 2.10723193338805, 2.00164556810597, 1.93058375181048, 1.99675421852676,
1.15801646619153, 0.614111656049262, 4.04409334237172, 0.618352898191548, 0.367826513475925, 0.611768236747067,
2.06643223317946, 0.849548632910508, 1.77698746641155, 7.44967008808245, 3.73435128083017, 0.874243247964938,
1.70713643912174, 3.01394599998841, 7.21891695643032, 3.36550916296264, 1.18287163788595, 0.926852108934139,
18.5660817193871, 3.70188341387166, 1.73833295903712, 1.1398057981217, 2.66862324379679, 1.40182078272208,
8.90514119524457, 0.942424069423912, 2.35779699530744, 4.43133679181051, 3.90745679569012, 0.732933681773097,
2.34456959828257, 1.19121815070064, 0.472425234231684, 2.17228915098472, 3.35994661039865, 2.34185012663587,
4.22490047777742, 3.53952822452055, 0.557472642687992, 12.1909668610662, 1.25911952800906, 0.928123581025846,
0.449444617600437, 1.61361637275066, 3.69745813784097, 2.46724388907687, 5.54271726483272, 0.218094818051705,
2.44722312188747, 1.6846358755308, 0.6203652210395, 2.24469190018098, 1.35203612572533, 0.37262081974838,
0.475792997600568, 1.58005303989096, 0.379494828115988, 2.94666104894482, 0.157411199732306, 3.3759889361896,
0.24340278460482, 0.155077448889648, 1.3294743283336, 0.463021710304187, 0.846986833898629, 0.743529603149477,
2.15440525102332, 23.4174754234638, 1.95152349431227, 1.33425784899903, 0.392785702540075, 2.22686714110676,
1.74462202149105, 0.18071165840464, 2.53339309920827, 1.26079329272406, 1.49242757914584, 1.16037461876325,
0.709343838194271, 0.499783064416404, 0.438308950573998, 0.28320286249961, 2.16625055780835, 0.361850424398683,
17.0756637999475, 4.8471250188193, 1.30909473860051, 1.6537661327789, 2.20405868080821, 24.4353168884781,
5.36649393661808, 1.43666311166449, 1.91667982226258, 2.9890915583287, 1.67694829345202, 2.79205577688093,
3.68469605360503, 11.4493497333667, 1.13644265686655, 1.0946931124898, 10.386616360782, 3.38471498170217,
0.53498700516075, 1.07566232044265, 1.46445563884528, 1.1734392784389, 1.18251848909717, 1.77760354895591,
1.05438501212675, 2.84556460766109, 2.34408374690731, 1.16999035550455, 1.48956908549441, 1.53596347166743,
2.32930958159141, 26.7063904267643, 0.542500827315587, 0.36004333697133, 3.27169320450855, 0.948476669955173,
0.744087399318141, 4.33688959565372, 0.307942478689736, 2.39763027152592, 3.14758801868805, 0.475836077237012,
0.41304604233335, 5.9253774807608, 1.18030693423688, 1.06113993167501, 0.963608724859821, 0.662618122874549,
2.81437009506991, 2.59198089490448, 2.59403780164181, 3.97609497283661, 0.9359018168295, 1.17434893880728,
