T <- 1508
y <- 
c(0.0015676833273961, 0.00265882711714571, -0.00258064710946293, 0.00242448430624709,
0.00863308133693153, 0.000541946967549833, 0.00239648563700268, -0.00518679493073027, 0.00387325102286074,
0.0109954559646797, 0.00526274295832074, 0.0037204087297189, -0.00257993769592701, -0.00114047103379189,
0.00833261377462868, -0.00514298631564269, -0.000454994576732481, -0.00341951204045099, -0.000380792478980041,
0.00871915271719903, 0.00158396112983539, 0.0139212422503423, -0.000669065604510521, 0.00252557974402468,
0.00296312948215949, 0.00125667077811098, -0.00741482436149088, 0.00741482436149088, -0.00125667077811098,
-0.00467071990703971, 0.011012326161846, 0.00264243485152793, 0.000440003096949582, -0.00322967074045799,
0.00440123597823039, 0.00219321390385652, 0.00167844997235544, 0.0029120620789147, -0.00393317010471694,
0.00516775562737504, -0.00305387576460081, -0.00408667652425976, -0.0147330746174719, 0.00695142249618463,
0.00989996482797562, 0.00386016291192171, 7.27654535426225e-05, 0.0178652766685126, -0.00107150363877562,
0.00577264481032813, 0.00138388615715446, 0.00391229905357182, -0.00291505810839077, -0.00163866958613834,
-0.00723013741915146, 0.00322769991584959, 0.0139375966049444, -0.00311198004302771, -0.00497088076415775,
-0.00171039138796303, 0.0041278559778144, 0.00728793620565948, -0.00409726329155724, -0.00996059425810358,
-0.000500274441431969, -0.0112945538476721, -0.0169274232780614, 0.00806155809799591, 0.0129811182446824,
-0.0119596825873662, -0.000656669395278087, 0.0147039228872057, -0.0033853200174887, -0.00644146033775606,
0.00166859150048282, -0.00844455348265605, 0.00379436885948436, 0.0135987358570775, 0.00694468716514152,
0.0016398148475778, -0.00371077928434183, 0.00620044083146265, -0.00298854962799311, -0.00765474917542353,
-0.0162899162848111, 0.000729728663760199, -0.00401983806683592, -0.00594943655761959, 0.00206083058303541,
-0.0030191781215958, -0.011122612281941, -0.00575817815748803, -0.0038319308266237, -0.0149420932501583,
-0.00859571203601561, 0.0170423731885938, 0.00174109823267798, 0.000529592706036475, 0.00196357278222514,
-0.00324968906232392, 0.0120391205766808, -0.014616326084302, -0.00220373687275544, -0.0254990573439837,
-0.000468157268716851, 0.00754385332113827, 0.0222197290133233, 0.000605865937099992, 0.00792002501838507,
-0.0127786265999266, 0.0114255616165249, -0.00641541728242512, 0.0105444787689235, 0.0101754216276539,
0.00193638721683165, 0.00962616467969379, -0.00162257213224937, -0.0226942976000188, 0.00767188597388735,
-0.0161645237547487, 0.00501320525362114, 0.00897628622551228, -0.00285763927177296, 0.0246211666990233,
0.00300795893989125, 0.00657101697972884, -0.00452213558322345, -0.00954883693712194, -0.00125547814205973,
-0.00875858854699452, 0.000148996296047699, -0.00485667639465071, 0.0166382815309003, -0.00235979570035116,
0.00684359904754839, 0.00737959384415277, 0.00261731549421018, -0.00919043705218314, -0.0101636615340022,
-0.00862417872999899, 0.000224231824538457, 0.0163625679151842, 0.018265124400199, 0, -0.00701903991356101,
-0.00087172349750464, -0.00692873525943671, 0.019639185843384, 0.00193601868798865, 0.00500063488700953,
0.00121090062985907, 0.000854105470477151, 0.00163425957237795, -0.000497166450116993, 0.000141922107585124,
0.00113601618974357, 0.00735138339602326, 0.00133688565185075, 7.05958372337889e-05, -0.0030289326539652,
0.000423228794812047, -0.00821305820032414, 0.0060249471211602, 0.000211856069762817, -0.000989602171679316,
0.000777746101916499, -0.0072341868368575, 0.00475792762983396, -0.000921702903740496, -0.00085106282136227,
0.0200933227236044, 0.00388749251866827, -0.00569744405070161, 0.00278324038581523, 0.00333001740023331,
0.0151214849538643, 0.00442458484696839, -0.00340172144948436, -0.000818348318317952, 0.00054557979129477,
6.82481457650042e-05, -0.00041780062601493, -0.00150979948452612, -0.0106987294088343, -0.00563714811094673,
0.00937767504332232, -0.0046429862660915, 0.00263601886879083, 0.00103835748664416, 0.00407470536092536,
0.00714271339098627, 6.82053830054485e-05, -0.00342724661286642, -0.00993664822251539, -0.00640066812282836,
0.000558565340489814, -0.0032841691256289, 0.00829349207928232, 0.0100824064570819, 0.00452449145148748,
-0.00260233011709055, -0.0168051519604306, 0.000139930733756621, -0.0139735500721958, -0.0028324940481399,
0.00290302762137262, -0.000565817409585279, 0, 0.0104159066185705, -0.00893136469849409, 0.00204661212791635,
0.00779478043081205, -0.0229244606024697, -0.0120970021787894, 0.000869078164598136, 0.000795918183239763,
-0.00347792988101059, -0.0135905499856834, -0.00169321943717637, 0.00492505622138673, 0.0200370046830098,
0.000431257880848968, 0.00186594554682173, 0.0135329669264195, -0.00212451290087312, -0.00511758171952525,
0.00802024375374266, 0.00465468287894399, 0.000210801521280501, -0.00493601109271058, -0.00141518663992457,
0.00176813450605895, 0.00338664565629188, 0.00302385813889483, 0.000421327298939289, 0.00678552958165213,
0.000487877463198672, -0.00615098085325361, -0.00372246329900339, 0.0116834543381481, 0.0110671793645665,
-0.00745647379472647, 0.00573521378234876, -0.00911851481249037, -0.00308579827853528, -0.00422428267315933,
-0.00134114872889235, -0.0108667863146596, 0.0168531257046718, 0.0253073177811851, -0.00226164812507257,
0.00438178091733388, -0.00273628728541553, -0.00288145177548937, 0.00253911379446148, 0.00791781303593364,
-6.77019122630185e-05, -0.000680388866733495, 0.000680388866733495, -0.000136136615997984, 0.00643941374734336,
0.00222746578925115, 0.00537897511638352, 0.00160777971317927, 0.00026790492346862, 0.00560625613099663,
-0.0011985270626873, 0.00392353345265395, -0.00392353345265395, -0.00246868968807767, 0.0102346925555263,
-0.0113039734501736, 0.0100468064438806, 0.000727891557256832, -0.00132368495977087, 0.00554885221098544,
-0.000197732043031529, 0.00164602514957668, 0.000854607962761378, 0.000919719344977921, -0.00118268697848301,
0.0074666575982496, -0.0125415301287433, -0.00609753794087986, 0.00972520664269449, -0.0192103031199906,
0.00682246799480257, 0.0125194020016224, -0.0019765978346804, 0.00329223478692509, 0.00531123355113383,
0.00891863125647863, 0.00136071153065931, 0.00181032197360587, 0.00425513081358808, 0.00378868804040611,
-0.00224601519569401, 0.00141222305709832, 0.00530986019575508, -0.00132116687584194, -0.00553397882911177,
-0.00232554455458445, 0.00696090801908067, -0.00857943127720961, 0.00800107905233105, -0.00418630013407917,
0.00797073593719766, 0, 0.00306861802194813, -0.00396527012346048, 0.00492225513422095, -0.0101905773706514,
0.00405011301626423, -0.00450116574123349, 0.00674439828178297, 0.00345086157219487, 0.0121743504493343,
0.00327181876514704, -0.00245283144060604, -0.0234467659469981, 0.0146551715386742, -0.0147195251800154,
-0.00627312894061571, 0.00865560943993771, 0.00442844909739737, 0.010256311944679, 0.000633606455860303,
0.00404546247746751, -0.00176781472314591, 0.00667600986038863, 0.00238263083089674, -0.0088059983011668,
0.00924460504914126, 0.0100894856660316, 0.00253745128424043, 0.00505609949609997, 0.00454078427737326,
-0.0028201229025937, 0.00324859194550875, 0.000794922120583408, 0.0102807700315255, 0.00537215790733914,
-0.00470631779625297, 0.00963043685812348, -5.9803786641055e-05, 0.00143640368627729, -0.00744514177758493,
-0.00289701785842134, -0.000846549164151611, 0.00597076101545202, -0.0065155573525022, 0.00368571673486073,
-0.0144562412108034, 0.00549114522102645, -0.00481836795362423, -0.0140999076225592, 0.0090126424634418,
0.0126399843514147, 0, -0.0103691481192305, -0.0083115888643599, 0.0150941681922303, -0.00629219394055713,
0.0076920908328395, 0.00787422681411076, -0.0139130513747325, -0.025090404513028, 0.0032050269335544,
-0.0127166630392077, 0.00956852056593416, 0.00985211795360463, 0.00585278588686311, -0.00410590481512152,
0.00584260745233411, -0.000929626396034777, 0.000433868971465579, 0.0107307335621947, 0.00568890775175124,
