N <- 10
T <- 200
Tsubj <- c(200, 200, 200, 200, 200, 200, 200, 200, 200, 200)
subjID <- 
c(102, 102, 102, 102, 102, 102, 102, 102, 102, 102, 102, 102, 102,
102, 102, 102, 102, 102, 102, 102, 102, 102, 102, 102, 102, 102, 102, 102, 102,
102, 102, 102, 102, 102, 102, 102, 102, 102, 102, 102, 102, 102, 102, 102, 102,
102, 102, 102, 102, 102, 102, 102, 102, 102, 102, 102, 102, 102, 102, 102, 102,
102, 102, 102, 102, 102, 102, 102, 102, 102, 102, 102, 102, 102, 102, 102, 102,
102, 102, 102, 102, 102, 102, 102, 102, 102, 102, 102, 102, 102, 102, 102, 102,
102, 102, 102, 102, 102, 102, 102, 102, 102, 102, 102, 102, 102, 102, 102, 102,
102, 102, 102, 102, 102, 102, 102, 102, 102, 102, 102, 102, 102, 102, 102, 102,
102, 102, 102, 102, 102, 102, 102, 102, 102, 102, 102, 102, 102, 102, 102, 102,
102, 102, 102, 102, 102, 102, 102, 102, 102, 102, 102, 102, 102, 102, 102, 102,
102, 102, 102, 102, 102, 102, 102, 102, 102, 102, 102, 102, 102, 102, 102, 102,
102, 102, 102, 102, 102, 102, 102, 102, 102, 102, 102, 102, 102, 102, 102, 102,
102, 102, 102, 102, 102, 102, 102, 102, 102, 102, 102, 201, 201, 201, 201, 201,
201, 201, 201, 201, 201, 201, 201, 201, 201, 201, 201, 201, 201, 201, 201, 201,
201, 201, 201, 201, 201, 201, 201, 201, 201, 201, 201, 201, 201, 201, 201, 201,
201, 201, 201, 201, 201, 201, 201, 201, 201, 201, 201, 201, 201, 201, 201, 201,
201, 201, 201, 201, 201, 201, 201, 201, 201, 201, 201, 201, 201, 201, 201, 201,
201, 201, 201, 201, 201, 201, 201, 201, 201, 201, 201, 201, 201, 201, 201, 201,
201, 201, 201, 201, 201, 201, 201, 201, 201, 201, 201, 201, 201, 201, 201, 201,
201, 201, 201, 201, 201, 201, 201, 201, 201, 201, 201, 201, 201, 201, 201, 201,
201, 201, 201, 201, 201, 201, 201, 201, 201, 201, 201, 201, 201, 201, 201, 201,
201, 201, 201, 201, 201, 201, 201, 201, 201, 201, 201, 201, 201, 201, 201, 201,
201, 201, 201, 201, 201, 201, 201, 201, 201, 201, 201, 201, 201, 201, 201, 201,
201, 201, 201, 201, 201, 201, 201, 201, 201, 201, 201, 201, 201, 201, 201, 201,
201, 201, 201, 201, 201, 201, 201, 201, 201, 201, 201, 201, 201, 201, 201, 201,
201, 201, 201, 202, 202, 202, 202, 202, 202, 202, 202, 202, 202, 202, 202, 202,
202, 202, 202, 202, 202, 202, 202, 202, 202, 202, 202, 202, 202, 202, 202, 202,
202, 202, 202, 202, 202, 202, 202, 202, 202, 202, 202, 202, 202, 202, 202, 202,
202, 202, 202, 202, 202, 202, 202, 202, 202, 202, 202, 202, 202, 202, 202, 202,
202, 202, 202, 202, 202, 202, 202, 202, 202, 202, 202, 202, 202, 202, 202, 202,
202, 202, 202, 202, 202, 202, 202, 202, 202, 202, 202, 202, 202, 202, 202, 202,
202, 202, 202, 202, 202, 202, 202, 202, 202, 202, 202, 202, 202, 202, 202, 202,
202, 202, 202, 202, 202, 202, 202, 202, 202, 202, 202, 202, 202, 202, 202, 202,
202, 202, 202, 202, 202, 202, 202, 202, 202, 202, 202, 202, 202, 202, 202, 202,
202, 202, 202, 202, 202, 202, 202, 202, 202, 202, 202, 202, 202, 202, 202, 202,
202, 202, 202, 202, 202, 202, 202, 202, 202, 202, 202, 202, 202, 202, 202, 202,
202, 202, 202, 202, 202, 202, 202, 202, 202, 202, 202, 202, 202, 202, 202, 202,
202, 202, 202, 202, 202, 202, 202, 202, 202, 202, 202, 203, 203, 203, 203, 203,
203, 203, 203, 203, 203, 203, 203, 203, 203, 203, 203, 203, 203, 203, 203, 203,
203, 203, 203, 203, 203, 203, 203, 203, 203, 203, 203, 203, 203, 203, 203, 203,
203, 203, 203, 203, 203, 203, 203, 203, 203, 203, 203, 203, 203, 203, 203, 203,
203, 203, 203, 203, 203, 203, 203, 203, 203, 203, 203, 203, 203, 203, 203, 203,
203, 203, 203, 203, 203, 203, 203, 203, 203, 203, 203, 203, 203, 203, 203, 203,
203, 203, 203, 203, 203, 203, 203, 203, 203, 203, 203, 203, 203, 203, 203, 203,
203, 203, 203, 203, 203, 203, 203, 203, 203, 203, 203, 203, 203, 203, 203, 203,
203, 203, 203, 203, 203, 203, 203, 203, 203, 203, 203, 203, 203, 203, 203, 203,
203, 203, 203, 203, 203, 203, 203, 203, 203, 203, 203, 203, 203, 203, 203, 203,
203, 203, 203, 203, 203, 203, 203, 203, 203, 203, 203, 203, 203, 203, 203, 203,
203, 203, 203, 203, 203, 203, 203, 203, 203, 203, 203, 203, 203, 203, 203, 203,
203, 203, 203, 203, 203, 203, 203, 203, 203, 203, 203, 203, 203, 203, 203, 203,
203, 203, 203, 204, 204, 204, 204, 204, 204, 204, 204, 204, 204, 204, 204, 204,
204, 204, 204, 204, 204, 204, 204, 204, 204, 204, 204, 204, 204, 204, 204, 204,
204, 204, 204, 204, 204, 204, 204, 204, 204, 204, 204, 204, 204, 204, 204, 204,
204, 204, 204, 204, 204, 204, 204, 204, 204, 204, 204, 204, 204, 204, 204, 204,
204, 204, 204, 204, 204, 204, 204, 204, 204, 204, 204, 204, 204, 204, 204, 204,
204, 204, 204, 204, 204, 204, 204, 204, 204, 204, 204, 204, 204, 204, 204, 204,
204, 204, 204, 204, 204, 204, 204, 204, 204, 204, 204, 204, 204, 204, 204, 204,
204, 204, 204, 204, 204, 204, 204, 204, 204, 204, 204, 204, 204, 204, 204, 204,
204, 204, 204, 204, 204, 204, 204, 204, 204, 204, 204, 204, 204, 204, 204, 204,
204, 204, 204, 204, 204, 204, 204, 204, 204, 204, 204, 204, 204, 204, 204, 204,
204, 204, 204, 204, 204, 204, 204, 204, 204, 204, 204, 204, 204, 204, 204, 204,
204, 204, 204, 204, 204, 204, 204, 204, 204, 204, 204, 204, 204, 204, 204, 204,
204, 204, 204, 204, 204, 204, 204, 204, 204, 204, 204, 205, 205, 205, 205, 205,
205, 205, 205, 205, 205, 205, 205, 205, 205, 205, 205, 205, 205, 205, 205, 205,
205, 205, 205, 205, 205, 205, 205, 205, 205, 205, 205, 205, 205, 205, 205, 205,
205, 205, 205, 205, 205, 205, 205, 205, 205, 205, 205, 205, 205, 205, 205, 205,
205, 205, 205, 205, 205, 205, 205, 205, 205, 205, 205, 205, 205, 205, 205, 205,
205, 205, 205, 205, 205, 205, 205, 205, 205, 205, 205, 205, 205, 205, 205, 205,
205, 205, 205, 205, 205, 205, 205, 205, 205, 205, 205, 205, 205, 205, 205, 205,
205, 205, 205, 205, 205, 205, 205, 205, 205, 205, 205, 205, 205, 205, 205, 205,
205, 205, 205, 205, 205, 205, 205, 205, 205, 205, 205, 205, 205, 205, 205, 205,
205, 205, 205, 205, 205, 205, 205, 205, 205, 205, 205, 205, 205, 205, 205, 205,
205, 205, 205, 205, 205, 205, 205, 205, 205, 205, 205, 205, 205, 205, 205, 205,
205, 205, 205, 205, 205, 205, 205, 205, 205, 205, 205, 205, 205, 205, 205, 205,
205, 205, 205, 205, 205, 205, 205, 205, 205, 205, 205, 205, 205, 205, 205, 205,
205, 205, 205, 206, 206, 206, 206, 206, 206, 206, 206, 206, 206, 206, 206, 206,
206, 206, 206, 206, 206, 206, 206, 206, 206, 206, 206, 206, 206, 206, 206, 206,
206, 206, 206, 206, 206, 206, 206, 206, 206, 206, 206, 206, 206, 206, 206, 206,
206, 206, 206, 206, 206, 206, 206, 206, 206, 206, 206, 206, 206, 206, 206, 206,
206, 206, 206, 206, 206, 206, 206, 206, 206, 206, 206, 206, 206, 206, 206, 206,
206, 206, 206, 206, 206, 206, 206, 206, 206, 206, 206, 206, 206, 206, 206, 206,
206, 206, 206, 206, 206, 206, 206, 206, 206, 206, 206, 206, 206, 206, 206, 206,
206, 206, 206, 206, 206, 206, 206, 206, 206, 206, 206, 206, 206, 206, 206, 206,
206, 206, 206, 206, 206, 206, 206, 206, 206, 206, 206, 206, 206, 206, 206, 206,
206, 206, 206, 206, 206, 206, 206, 206, 206, 206, 206, 206, 206, 206, 206, 206,
206, 206, 206, 206, 206, 206, 206, 206, 206, 206, 206, 206, 206, 206, 206, 206,
206, 206, 206, 206, 206, 206, 206, 206, 206, 206, 206, 206, 206, 206, 206, 206,
206, 206, 206, 206, 206, 206, 206, 206, 206, 206, 206, 207, 207, 207, 207, 207,
207, 207, 207, 207, 207, 207, 207, 207, 207, 207, 207, 207, 207, 207, 207, 207,
207, 207, 207, 207, 207, 207, 207, 207, 207, 207, 207, 207, 207, 207, 207, 207,
207, 207, 207, 207, 207, 207, 207, 207, 207, 207, 207, 207, 207, 207, 207, 207,
207, 207, 207, 207, 207, 207, 207, 207, 207, 207, 207, 207, 207, 207, 207, 207,
207, 207, 207, 207, 207, 207, 207, 207, 207, 207, 207, 207, 207, 207, 207, 207,
207, 207, 207, 207, 207, 207, 207, 207, 207, 207, 207, 207, 207, 207, 207, 207,
207, 207, 207, 207, 207, 207, 207, 207, 207, 207, 207, 207, 207, 207, 207, 207,
207, 207, 207, 207, 207, 207, 207, 207, 207, 207, 207, 207, 207, 207, 207, 207,
207, 207, 207, 207, 207, 207, 207, 207, 207, 207, 207, 207, 207, 207, 207, 207,
207, 207, 207, 207, 207, 207, 207, 207, 207, 207, 207, 207, 207, 207, 207, 207,
207, 207, 207, 207, 207, 207, 207, 207, 207, 207, 207, 207, 207, 207, 207, 207,
