K <- 3
N <- 1000
y <- 
c(-2.16235515936901, 0.463431962062348, -2.80360192768691,
-2.12578387626626, -2.2552602511845, -1.87501217787865, -2.56109492776681,
-1.48698259743332, -1.26304295582951, -2.02754012199051, -2.23100622597242,
-0.710945346390489, -0.495336458250353, 0.832128118264442, -1.92080031552038,
-2.7175733938242, -1.2758178678951, -3.98993387772512, -1.30100058720558,
-1.93742919265227, -1.76099724112269, -2.15719199126074, -1.56447901777485,
-1.44171719953841, -0.794598201985048, -0.550827093790188, -3.1199564575986,
-2.8570868080143, -1.6599322395194, -2.83340662446715, -2.00295575178746,
-1.11725123770558, -3.75409405631419, -1.52275438852516, -3.18952107940752,
-3.51988858404019, -2.79062230856485, -3.15483096828049, -2.57176896209249,
-2.12298217374302, -1.21416079968461, -4.0151803175272, -1.00305961856043,
-1.55418853303746, -2.44505247286044, -0.876270442094471, -3.34075243791004,
-0.351791328032492, -4.39646581561678, -1.98076625302687, -1.15704488762728,
-1.73096772742373, -0.973412009314006, -1.75639831884762, -2.91246814317676,
-0.636835121913951, -3.35870700545292, -2.438833246793, -0.0704129097091766,
-3.04444188603237, -0.491923036209596, -3.10197085557748, -1.60469913406293,
-1.17522475840596, -3.84286017986374, -1.9550114438476, -0.740912922663503,
-2.81118973913867, -0.592626289702978, -1.48627057463128, 0.650751792152126,
-1.69052941170345, -3.01080134259517, -1.22215019182556, -0.887137019867335,
-3.71951765730773, -1.74441601392278, -3.84117812724408, -1.8811519986704,
-2.10095774478323, -2.25737767872817, -2.80330147022869, -2.29264929654954,
-2.3722234790532, -2.19740189816181, -1.28592665538515, -2.99698649628236,
-1.51699626486057, -0.554869795494043, -1.3939142239133, -2.87291660288999,
-3.15886320660803, -1.19306806344617, -1.54082714050165, -1.70289692489238,
-1.77625351846177, -1.81988936603557, -0.378469899868449, -2.24497525126892,
-1.78958976893475, -0.200563879467239, -3.01281445423525, -3.52858216403681,
-3.87162563672832, -2.52784062247907, -1.60142967450451, 0.401959924164776,
-1.69517987959141, -2.66326009885765, -0.946132749296998, -0.897673148283048,
-2.10948415070456, -3.02249091771125, -1.29448191786821, -0.652501448297249,
-3.41606032647447, -2.28737131686588, -1.70880322035314, -0.822553412992254,
-4.17711850533179, -1.36295892109094, -3.14036890579776, -3.15193404221407,
-3.19005757649213, -2.65368365807569, -2.96568600995012, -2.85910013536541,
-1.49558606710309, -2.43361387697488, -2.88997605912838, -3.43181032712203,
-2.97664044884224, 0.119013725002045, -1.2676446828039, -3.14574668738888,
-1.74325722039667, -1.04158457849859, -1.91681177549242, -1.30165495353778,
-1.49134541128572, -0.335657570687521, -1.06691567384062, -1.89315881240153,
-1.7568950600627, -2.02977451661755, 0.097138744397042, -1.71025167004305,
-0.930325926215351, -2.0729298832626, -2.81496388640892, -0.940758743085047,
-3.75285791876393, -0.997670936024578, -0.868545406543798, -1.45228631602733,
-2.22907065328619, -3.64049201127105, -0.237302205146016, -2.24573092484827,
-1.27126319119207, -2.27665273756798, -2.39518069023516, -1.0607236012689,
-2.24383713046491, -1.04134223892944, -1.71240923818484, -1.65247245123874,
-3.32241426685075, -1.02701502434196, -2.07506704930714, -1.95546571061447,
-2.72250683210135, -3.85338356784885, -2.02038624810231, -1.91220094198794,
-2.22046707773806, -2.39576157660756, 0.13882574881868, -2.15989408980511,
-2.28041088056149, 0.242239358947965, -1.68821560212433, -2.78841282044635,
-2.26468211675776, -2.56050702504743, -0.169675392064383, -0.144109369950448,
-1.48768399390807, -2.81374313299302, -2.02700072938878, -0.992469685059982,
-1.49549540832414, -1.97056625468736, -2.64800224048866, -2.09426079136184,
-1.63435898022133, -2.69288233107048, -2.56515533401236, -1.86513030852547,
-2.25342564313069, -2.41034209175088, -0.687944243300022, -4.93821515027221,
-3.4053646632388, -2.14655397853855, -2.18815029214343, -0.799925460411826,
-0.402630595509167, -1.31179514488982, -0.750204764861941, -2.43738527665124,
0.426020202947553, -3.23060323670256, -3.29118931724679, -1.77331238464257,
-3.33767101286915, -1.22666118527334, -2.56588734721001, -1.90366376804936,
-3.44684966149201, -2.63507216032207, -1.98450675381432, -1.9377013597019,
-3.01392294746167, -1.85334133381903, -1.7329026651645, -2.63985979808418,
-2.6580965841586, -1.76431269958471, -1.30396820160925, -1.49500669873243,
-3.47307000513638, -1.80312616669633, -1.7081290965113, -2.56207209422092,
-2.48058846475024, -1.69647481599252, -4.23847869295748, -1.85913696555739,
-1.22391343957265, -1.63515105036402, -0.0448030328246496, -1.60341595359987,
-2.05833314613619, -0.641803479984041, -1.16202834720106, -2.43564418542897,
-2.77938615878522, -1.28920482348593, -2.7160393592891, -1.25790609861342,
-3.04990544522201, -1.9932827802535, -2.85704252728856, -3.13726806839268,
-3.28937686881081, -2.45462868701608, -3.75467327278507, -3.11390488711869,
-1.82300695422911, -1.86273692140184, -3.41150000420901, -3.02812810812246,
-2.20465313317953, -0.95997867346057, -0.326034001650126, -2.46370025382203,
-2.87521201400242, -1.50064107856278, -1.40191379994076, -2.47142722403983,
-1.97698565708201, -0.905635135383984, -1.77400619337042, -1.09292060110605,
-2.09510271248321, -2.6321185639646, -1.99078455487865, -2.62730515869688,
-0.100968875405753, -1.36125646038255, -2.48044273070523, -0.923637801952596,
-1.27794529943426, -0.609391667684094, -1.63646524360855, -0.779346516570206,
-2.21848962538872, -1.64269590395686, 0.0138834874885023, -1.65899401870373,
-0.139602588191171, -4.07844572324076, -3.66145008235276, -1.00928105315721,
-3.09220678329308, -0.153987761238271, -3.33018290833244, -3.29439421826312,
-1.18709655378128, -0.314635660807247, -0.528609300996918, -2.47872078563031,
-1.52885630580389, -2.76163821559397, -4.45112551046437, -1.18053503148516,
-3.91612097671048, -1.67741338042859, -1.46578858637211, -1.39120628186407,
-2.57615386523796, -2.29797647324405, -3.07463724450281, -2.46983746579309,
-1.46447142533955, -1.28119805208706, -3.26568565689586, 0.749107209066,
-2.24644300221487, -1.49519758792022, -2.70054076848853, -1.92066327443348,
-1.78192746776099, -2.47757572189506, -1.28960634586736, -2.05038870061469,
-1.31942478902261, -2.0284985101378, -0.395756564387629, -1.95557074380595,
0.0665141796507913, -3.18665837745269, -1.55519218563471, -4.60652036158046,
-1.82946957095812, -1.11807390290797, -2.57157974666872, -0.314451385625152,
-1.76992942301075, -0.933675061730446, -3.60363447032617, -1.42543724554986,
-0.391653514345619, -2.92278353535831, -2.06937461323802, -2.99652317605491,
-2.10239430998876, -1.68429645235636, -3.47519442787235, -1.3408409638821,
-2.7964036646485, -1.90134655111324, -2.25425302796347, -2.4854230724721,
-1.97064442565741, -0.952960508612619, -0.657575928796242, -1.25282995073913,
-2.38124475510811, -2.87323540833082, -1.70515740714392, -1.6802929543679,
-2.82761097793122, -1.94304103302494, -2.33774973808277, -4.84237498554489,
-1.20478369657187, -1.55155923032507, -3.0002824600485, -1.50843039687762,
-0.140368590279692, -1.56045805007808, -2.08742813489187, -2.70026038712501,
-2.31242072193395, -2.70974466075223, -2.31604342349451, -2.77802208007755,
-3.1723763017496, -2.94589962993562, -0.75563017176116, -2.96067839376484,
-0.523628398908813, -1.72576142583561, -2.01929780167562, -2.05223814312913,
-2.29745154434805, -0.341713281620426, -1.99709389158494, -0.563235869189681,
-2.19366536177204, -0.535934951641082, -1.27438369165147, -3.28915146023178,
-1.19437650938969, -0.751480742915608, -1.94030099103892, -1.30082301456342,
-1.70000442463546, -2.22841952602437, -3.25082657938884, -1.51006455360222,
-2.11170500108671, -2.38292552506589, -0.872182509961881, -0.866767531071987,
-1.39753752971333, -3.45026899422663, -3.51071752332993, -1.46680075407979,
-2.84926798869705, -1.06513639542659, -1.20848959956222, -1.53385819267673,
