N <- 10
K <- 4
tot_obs <- 416
patient_idx <- 
c(1, 1, 1, 1, 1, 2, 2, 2, 2, 2, 3, 3, 3, 3, 3, 3, 3, 3, 4, 4, 4, 4, 4, 4, 5, 5, 5, 5, 5, 5, 6,
6, 6, 6, 6, 7, 7, 7, 7, 7, 7, 7, 7, 8, 8, 8, 8, 8, 8, 8, 6, 6, 9, 9, 9, 4, 10, 10, 3, 4, 9, 3, 4, 5, 5, 5, 6, 6,
6, 7, 10, 3, 4, 10, 3, 4, 10, 5, 1, 1, 1, 1, 1, 2, 2, 2, 2, 2, 3, 3, 3, 3, 3, 3, 3, 3, 4, 4, 4, 4, 4, 4, 5, 5,
5, 5, 5, 5, 6, 6, 6, 6, 7, 7, 7, 7, 7, 7, 7, 7, 8, 8, 8, 8, 8, 8, 8, 6, 6, 9, 9, 9, 4, 10, 10, 10, 3, 4, 9, 5,
7, 10, 10, 4, 1, 1, 1, 1, 1, 2, 2, 2, 2, 2, 3, 3, 3, 3, 3, 3, 3, 3, 3, 3, 3, 3, 3, 3, 3, 3, 3, 3, 3, 3, 3, 3, 3,
4, 4, 4, 4, 4, 4, 4, 4, 4, 4, 4, 4, 5, 5, 5, 5, 5, 5, 5, 5, 5, 5, 5, 5, 5, 5, 5, 5, 5, 5, 5, 5, 5, 5, 5, 6, 6,
6, 6, 6, 6, 6, 6, 6, 6, 6, 6, 6, 6, 6, 6, 6, 6, 6, 6, 6, 6, 7, 7, 7, 7, 7, 7, 7, 7, 7, 7, 7, 7, 7, 7, 7, 7, 7,
7, 7, 7, 7, 8, 8, 8, 8, 8, 8, 8, 8, 8, 8, 8, 8, 8, 8, 8, 9, 9, 9, 9, 9, 10, 10, 10, 10, 10, 1, 1, 1, 1, 1, 2, 2,
2, 2, 2, 3, 3, 3, 3, 3, 3, 3, 3, 3, 3, 3, 3, 3, 3, 3, 3, 3, 3, 3, 3, 3, 3, 3, 4, 4, 4, 4, 4, 4, 4, 4, 4, 4, 4,
4, 5, 5, 5, 5, 5, 5, 5, 5, 5, 5, 5, 5, 5, 5, 5, 5, 5, 5, 5, 5, 5, 5, 5, 6, 6, 6, 6, 6, 6, 6, 6, 6, 6, 6, 6, 6,
6, 6, 6, 6, 6, 6, 6, 6, 6, 7, 7, 7, 7, 7, 7, 7, 7, 7, 7, 7, 7, 7, 7, 7, 7, 7, 7, 7, 7, 7, 8, 8, 8, 8, 8, 8, 8,
8, 8, 8, 8, 8, 8, 8, 8, 9, 9, 9, 9, 9, 10, 10, 10, 10, 10)
biomarker_idx <- 
c(3, 3, 3, 3, 3, 3, 3, 3, 3, 3, 3, 3, 3, 3, 3, 3, 3, 3, 3, 3, 3, 3, 3, 3, 3, 3, 3, 3, 3, 3, 3,
3, 3, 3, 3, 3, 3, 3, 3, 3, 3, 3, 3, 3, 3, 3, 3, 3, 3, 3, 3, 3, 3, 3, 3, 3, 3, 3, 3, 3, 3, 3, 3, 3, 3, 3, 3, 3,
3, 3, 3, 3, 3, 3, 3, 3, 3, 3, 2, 2, 2, 2, 2, 2, 2, 2, 2, 2, 2, 2, 2, 2, 2, 2, 2, 2, 2, 2, 2, 2, 2, 2, 2, 2, 2,
2, 2, 2, 2, 2, 2, 2, 2, 2, 2, 2, 2, 2, 2, 2, 2, 2, 2, 2, 2, 2, 2, 2, 2, 2, 2, 2, 2, 2, 2, 2, 2, 2, 2, 2, 2, 2,
2, 2, 1, 1, 1, 1, 1, 1, 1, 1, 1, 1, 1, 1, 1, 1, 1, 1, 1, 1, 1, 1, 1, 1, 1, 1, 1, 1, 1, 1, 1, 1, 1, 1, 1, 1, 1,
1, 1, 1, 1, 1, 1, 1, 1, 1, 1, 1, 1, 1, 1, 1, 1, 1, 1, 1, 1, 1, 1, 1, 1, 1, 1, 1, 1, 1, 1, 1, 1, 1, 1, 1, 1, 1,
1, 1, 1, 1, 1, 1, 1, 1, 1, 1, 1, 1, 1, 1, 1, 1, 1, 1, 1, 1, 1, 1, 1, 1, 1, 1, 1, 1, 1, 1, 1, 1, 1, 1, 1, 1, 1,
1, 1, 1, 1, 1, 1, 1, 1, 1, 1, 1, 1, 1, 1, 1, 1, 1, 1, 1, 1, 1, 1, 1, 1, 1, 1, 1, 4, 4, 4, 4, 4, 4, 4, 4, 4, 4,
4, 4, 4, 4, 4, 4, 4, 4, 4, 4, 4, 4, 4, 4, 4, 4, 4, 4, 4, 4, 4, 4, 4, 4, 4, 4, 4, 4, 4, 4, 4, 4, 4, 4, 4, 4, 4,
4, 4, 4, 4, 4, 4, 4, 4, 4, 4, 4, 4, 4, 4, 4, 4, 4, 4, 4, 4, 4, 4, 4, 4, 4, 4, 4, 4, 4, 4, 4, 4, 4, 4, 4, 4, 4,
4, 4, 4, 4, 4, 4, 4, 4, 4, 4, 4, 4, 4, 4, 4, 4, 4, 4, 4, 4, 4, 4, 4, 4, 4, 4, 4, 4, 4, 4, 4, 4, 4, 4, 4, 4, 4,
4, 4, 4, 4, 4, 4, 4, 4, 4, 4, 4, 4, 4, 4, 4)
age <- 
c(3.91009615384615, 4.41009615384615, 4.91009615384615, 5.91009615384615, 6.91009615384615,
-4.38990384615384, -3.88990384615384, -3.38990384615384, -2.38990384615384, -1.38990384615384,
-5.18990384615385, -4.68990384615385, -4.18990384615385, -3.68990384615385, -3.18990384615385,
-2.18990384615385, -1.18990384615385, -0.189903846153854, -8.78990384615385, -8.28990384615385,
-7.78990384615385, -7.28990384615385, -6.78990384615385, -5.78990384615385, 1.01009615384615, 1.51009615384615,
2.01009615384615, 3.01009615384615, 5.01009615384615, 6.01009615384615, -4.68990384615385, -4.18990384615385,
-3.68990384615385, -1.68990384615385, 1.31009615384615, 2.91009615384615, 3.41009615384615, 3.91009615384615,
4.41009615384615, 4.91009615384615, 5.91009615384615, 6.91009615384615, 7.91009615384615, 4.41009615384615,
4.91009615384615, 5.41009615384615, 5.91009615384615, 6.41009615384615, 7.41009615384615, 8.41009615384615,
2.31009615384615, 0.310096153846146, 1.61009615384616, 2.11009615384616, 2.61009615384616, -3.78990384615385,
-11.5899038461538, -11.0899038461538, 0.810096153846146, -2.78990384615385, 3.61009615384616, 1.81009615384615,
-1.78990384615385, 4.01009615384615, 7.01009615384615, 8.01009615384615, -3.18990384615385, -2.68990384615385,
-0.689903846153854, 8.91009615384615, -12.0899038461538, 2.81009615384615, -0.789903846153848,
-10.0899038461538, 3.81009615384615, 0.210096153846152, -9.08990384615385, 11.0100961538461, 3.91009615384615,
4.41009615384615, 4.91009615384615, 5.91009615384615, 6.91009615384615, -4.38990384615384, -3.88990384615384,
-3.38990384615384, -2.38990384615384, -1.38990384615384, -5.18990384615385, -4.68990384615385,
-4.18990384615385, -3.68990384615385, -3.18990384615385, -2.18990384615385, -1.18990384615385,
-0.189903846153854, -8.78990384615385, -8.28990384615385, -7.78990384615385, -7.28990384615385,
-6.78990384615385, -5.78990384615385, 1.01009615384615, 1.51009615384615, 2.01009615384615, 3.01009615384615,
5.01009615384615, 6.01009615384615, -4.68990384615385, -4.18990384615385, -3.68990384615385, -1.68990384615385,
2.91009615384615, 3.41009615384615, 3.91009615384615, 4.41009615384615, 4.91009615384615, 5.91009615384615,
6.91009615384615, 7.91009615384615, 4.41009615384615, 4.91009615384615, 5.41009615384615, 5.91009615384615,
6.41009615384615, 7.41009615384615, 8.41009615384615, 2.31009615384615, 0.310096153846146, 1.86009615384616,
2.11009615384616, 2.61009615384616, -3.78990384615385, -11.8399038461538, -11.5899038461538, -11.0899038461538,
0.810096153846146, -2.78990384615385, 3.61009615384616, 7.01009615384615, 8.91009615384615, -12.0899038461538,
-10.0899038461538, 0.210096153846152, 3.91009615384615, 3.91009615384615, 3.91009615384615, 4.91009615384615,
4.91009615384615, -4.38990384615384, -4.38990384615384, -4.38990384615384, -3.38990384615384, -3.38990384615384,
-5.18990384615385, -5.18990384615385, -5.18990384615385, -5.18990384615385, -5.18990384615385,
-5.18990384615385, -4.18990384615385, -4.18990384615385, -4.18990384615385, -4.18990384615385,
-4.18990384615385, -3.18990384615385, -3.18990384615385, -3.18990384615385, -3.18990384615385,
-2.18990384615385, -2.18990384615385, -2.18990384615385, -1.18990384615385, -1.18990384615385,
-1.18990384615385, 0.810096153846146, 0.810096153846146, -8.78990384615385, -8.78990384615385,
-8.78990384615385, -8.78990384615385, -8.78990384615385, -7.78990384615385, -7.78990384615385,
-7.78990384615385, -7.78990384615385, -5.78990384615385, -5.78990384615385, -5.78990384615385, 1.01009615384615,
1.01009615384615, 1.01009615384615, 1.01009615384615, 1.01009615384615, 2.01009615384615, 2.01009615384615,
2.01009615384615, 2.01009615384615, 2.01009615384615, 3.01009615384615, 3.01009615384615, 3.01009615384615,
3.01009615384615, 4.01009615384615, 4.01009615384615, 4.01009615384615, 4.01009615384615, 5.01009615384615,
5.01009615384615, 5.01009615384615, 7.01009615384615, 7.01009615384615, -4.68990384615385, -4.68990384615385,
-4.68990384615385, -4.68990384615385, -4.68990384615385, -4.68990384615385, -3.68990384615385,
-3.68990384615385, -3.68990384615385, -3.68990384615385, -3.68990384615385, -2.68990384615385,
-2.68990384615385, -2.68990384615385, -2.68990384615385, -1.68990384615385, -1.68990384615385,
-1.68990384615385, -0.689903846153854, -0.689903846153854, 1.31009615384615, 1.31009615384615, 2.91009615384615,
2.91009615384615, 2.91009615384615, 2.91009615384615, 2.91009615384615, 3.91009615384615, 3.91009615384615,
3.91009615384615, 3.91009615384615, 3.91009615384615, 4.91009615384615, 4.91009615384615, 4.91009615384615,
5.91009615384615, 5.91009615384615, 5.91009615384615, 6.91009615384615, 6.91009615384615, 6.91009615384615,
7.91009615384615, 7.91009615384615, 4.41009615384615, 4.41009615384615, 4.41009615384615, 4.41009615384615,
4.41009615384615, 5.41009615384615, 5.41009615384615, 5.41009615384615, 5.41009615384615, 6.41009615384615,
6.41009615384615, 6.41009615384615, 6.41009615384615, 8.41009615384615, 8.41009615384615, 1.61009615384616,
1.61009615384616, 1.61009615384616, 3.61009615384616, 3.61009615384616, -12.0899038461538, -12.0899038461538,
-12.0899038461538, -10.0899038461538, -10.0899038461538, 3.91009615384615, 3.91009615384615, 3.91009615384615,
4.91009615384615, 4.91009615384615, -4.38990384615384, -4.38990384615384, -4.38990384615384, -3.38990384615384,
