y <- 
c(1.03859623451371, -0.695922349039118, 0.207818749390304, -0.375909667349527, -0.379826358404058,
0.148385523363574, 0.475714564432738, -0.332430982343186, 0.992834845380939, 0.333245537020779,
0.187513413325529, -0.780543361623257, -1.02299287874354, -0.515676519363965, 0.208462589015706,
0.122973368451859, -0.909725880401913, -0.118300653594771, -0.433006535947713, -1.37719246902741,
-0.147068578675251, 0.384303970344357, -0.871441810555068, -1.13530875036582, -0.523066042337333,
0.100912106135987, 0.689176665691152, -0.290454589796118, -0.0715491171593015, 0.42961174519559,
0.509106428641109, 0.845883328455761, 0.215057067603161, -0.114164471758853, -0.104760511169642,
0.376246219880987, 0.192629987318311, -0.366812993854258, 0.143571358891815, -0.787089064481514,
-1.83486976880304, -1.23521607648034, 0.70377036386694, 1.2784752707053, -0.926197444151791,
-0.0430153155789677, 0.0618573797678276, 0.859325919422495, 0.726802263193835, -0.1739732709004,
-1.039732709004, 0.559706370110233, 0.962720710174617, -0.371436932982148, -0.54366891035021,
-0.147171007706565, -1.15496049165935, 1.32321724709784, -1.05428250902351, -0.709472246610087,
-0.163149936591552, -0.320910155106819, 0.965539947322213, 0.70154131304263, 0.984064969271291,
0.0421471075992588, -0.387391474002536, 0.73853282606575, -0.115710662374403, 0.338918154326407,
-0.279250804799532, 0.452843625012194, -1.27480733586967, 0.227314408350405, 1.58157740708224, 0.78613306018925,
0.0693054336162328, -0.895463857184665, 0.0450492634864892, 0.758594283484538, 0.444927324163496,
0.569500536533021, 1.52365622866062, 0.319949273241635, 0.804882450492635, 0.358999122036875, 1.64266900790167,
-1.52727538776705, -0.210696517412935, -0.0369476148668423, -0.663252365622866, 0.331474978050922,
0.302716808116281, -0.18647449029363, -0.622973368451859, 0.56268168959126, -0.228963027997268,
1.43592820212662, 1.03422592917764, 1.04734660033167, 0.938386498878159, -0.105140961857379, -0.608213832796801,
0.19778070432153, 0.0625451175495075, 1.57391961759828, -0.274261047702663, -1.27132962637792,
0.602668032387084, -0.245405326309628, 1.9340161935421, -0.374061067212955, 1.4811481806653, 0.635698956199395,
-1.00708711345235, 1.16457906545703, 0.201399863427958, -0.879704419081065, -1.23257730953078,
-0.621929567847039, -0.617949468344552, -0.739137645107795, 0.00720905277533905, -1.37591454492245,
-0.128719149351283, -0.960184372256365, -0.193429909277144, -0.00649204955614082, 0.970588235294118,
-0.641171593015316, 0.94400546288167, -0.397219783435763, 0.0511706175007317, 1.05625304848307,
-0.734421032094431, 0.11267193444542, -0.641454492244659, 0.942293434786851, -0.365778948395279,
0.121685689201054, 0.840722856306702, 0.967266608135792, 0.158340649692713, 0.651955906740806,
-0.0933177250999904, -0.32413910837967, -1.21906155497025, 1.19060091698371, -1.15152668032387,
-0.830772607550483, 0.348561115988684, -0.618598185542874, -0.458760120963809, -0.0343576236464736,
-1.25477026631548, 1.24590283874744, -0.886386693981075, -1.12558774753683, -1.87959711247683, 1.07237830455565,
0.692517803141157, -0.042395863818164, -1.37432445615062, -0.605589698565994, 1.28076285240464,
-1.0709296653985, 1.28974734172276, -1.33627938737684, -0.048492829967808, -0.208496732026144,
0.797863623061165, -0.281040874061067, 0.215935030728709, 0.916895912593893, 1.04273241634962,
-0.878845966247196, -1.49962442688518, 0.0651204760511169, -0.327046141839821, 0.995293142132475,
-0.881977368061653, -0.0220661398887913, 0.533723539166911, -0.70993073846454, 0.321656423763535,
-0.648785484342991, -0.349580528728905, -0.44983904009365, -0.277509511267193, -1.69266413032875,
-0.172168568920105, 0.191639840015609, -0.275290215588723, -1.60994049361038, -0.0950882840698466,
-0.602111989074237, 0.0253682567554387, 1.23073358696713, 0.259218612818262, -1.73276753487465,
0.0984977075407277, -0.293249439079114, 0.099297629499561, -0.937352453419179, -0.410169739537606,
1.66287679250805, 0.622124670763828, 0.761081845673593, 0.321958833284558, -0.163145059018632,
-0.495293142132475, -0.653360647741683, 0.169954150814555, -0.593893278704517, -0.728738659642961,
1.17002731440835, -0.818056774948786, -0.131704223978148, 0.449960979416643, 0.978372841673984,
-1.5869866354502, 0.0330943322602673, -0.301872988001171, 0.215910642864111, 1.11668129938543,
-0.895644327382695, -1.15036581796898, -0.382552921666179, 0.19692712906058, -0.725524339088869,
-0.955677494878549, 1.16885669690762, 0.900331674958541, 1.15102429031314, -1.01830553116769, 0.329689786362306,
1.59684421032094, 0.137342698273339, 0.934723441615453, -1.14716613013365, -0.475304848307482,
0.912310994049361, 0.279377621695444, -1.20291678860599, -0.246722270997952, 0.317856794459077,
0.498063603550873, 0.717461711052581, 0.0771485708711345, -0.139401034045459, -0.071558872305141,
-0.405165349721979, 0.685640425324359, 0.0623597697785583, -0.447536825675544, -1.24004975124378,
-0.118081162813384, 0.395951614476637, -0.72671446688128, -1.15460930640913, 0.73596234513706, 1.5291191103307,
-0.0782948005072679, 0.540552141254512, -0.633577211979319, -0.440030240952102, -0.0442981172568531,
0.644634669788314, -0.0340991122817286, -1.19534679543459, -1.20584820993074, -0.257891912984099,
-0.204462979221539, -0.19726368159204, -0.358506487171984, -0.21746171105258, 0.10976490098527,
-0.632743147010048, 0.288640132669984, -0.473997658764999, 1.02209052775339, -1.31673495268754,
-0.0769095697980682, -0.0278021656423762, 0.793390888693786, -1.10909179592235, 0.412071992976295,
0.0792800702370501, -0.389830260462394, 0.993483562579261, 1.2451760803824, -0.187874353721588,
-0.136489123012389, -0.326080382401717, -0.196673495268755, -0.23749878060677, 1.38936689103502,
0.370641888596235, 0.175226807140767, 1.20694566383767, -0.562193932299288, -0.0763535264852209,
0.201429128865477, -0.44846844210321, -1.03136279387377, -0.422222222222222, -0.900829187396352,
0.220319968783533, -0.219802946054043, 0.473080675056092, 0.00531167690956978, 0.0180470198029461,
-0.0476929080089746, -0.610584333235782, -0.702468051897376, -0.621075992586089, -0.495151692517803,
0.115696029655644, 0.0953711832991903, -1.38569407862648, 0.249356160374598, 0.0786898839137646,
-0.151580333625987, -0.0501219393229929, -0.521163788898644, 0.161359867330017, 0.518095795532143,
1.02192469027412, -0.89419568822554, 0.367754365427763, -1.60063896205248, 0.788957174909766,
-0.656023802555848, -0.14966344746854, 0.403146034533216, 0.0224075699931716, 0.214496146717394,
-0.587493903033851, -0.312925568237245, -1.7718954248366, 0.553048483074822, -0.813910837967028,
0.125017071505219, 0.60907228563067, -0.494112769485904, -0.0220515071700321, 1.70575553604526,
1.04016193542093, -0.462584138132865, 0.474197639254707, 0.0858306506682275, 0.941669105453127,
-1.18534777094918, 0.52328553311872, -1.19804409325919, -1.08419666374013, -0.368798166032582,
0.0535703833772315, -0.159038142620232, -2.05206809091796, 0.930948200175592, -0.294224953663057,
-1.46843722563652, -0.511750073163594, -0.0994098136767146, 1.17908008974734, 0.414764413227978,
-0.534011315969175, -0.195702858257731, -1.72665593600624, -0.747385620915033, 0.420768705492147,
0.753916691054531, 1.60804799531753, 0.454316652033948, 0.930772607550483, 0.344454199590284,
0.0390108282118819, 0.983591844698079, -0.142937274412253, 1.13907911423276, -0.160286801287679,
0.015998439176666, 0.160364842454395, 1.80356550580431, 1.47420251682763, -1.53065554580041, 0.193629889766852,
-0.235572139303483, 0.944381035996489, -1.27720710174617, -1.20677007121257, 0.356457906545703,
1.23186030631158, 0.0110867232465126, 0.597488049946347, -0.0507852892400741, -0.685903814262024,
-0.45703346015023, 0.169251780314116, -0.229045946736904, 0.142195883328456, 1.2554921471076, -1.51364257145644,
0.696097941664228, 0.507926055994537, 0.107048092868989, 0.544151790069262, -1.30359964881475,
