K <-
3
V <-
10
T <-
100
T_unsup <-
500
alpha <-
c(1, 1, 1)
beta <-
c(0.1, 0.1, 0.1, 0.1, 0.1, 0.1, 0.1, 0.1, 0.1, 0.1)
w <-
c(4, 2, 7, 7, 2, 7, 2, 3, 4, 2, 4, 7, 2, 7, 7, 2, 7, 2, 7, 2, 
2, 7, 7, 2, 7, 4, 2, 7, 7, 2, 7, 2, 7, 2, 2, 7, 2, 7, 2, 3, 2, 
7, 2, 8, 7, 2, 7, 2, 7, 3, 2, 7, 2, 2, 2, 2, 7, 2, 2, 2, 2, 2, 
3, 2, 7, 2, 7, 2, 2, 7, 2, 2, 2, 2, 7, 2, 7, 2, 7, 2, 2, 7, 2, 
2, 2, 7, 2, 7, 2, 7, 3, 2, 7, 2, 2, 2, 3, 2, 2, 7)
z <-
c(1, 2, 3, 3, 2, 3, 2, 2, 1, 2, 1, 3, 2, 3, 3, 2, 3, 2, 3, 1, 
2, 3, 3, 2, 3, 1, 2, 3, 3, 2, 3, 2, 3, 1, 2, 3, 2, 3, 2, 2, 2, 
3, 2, 1, 3, 2, 3, 2, 3, 2, 2, 3, 2, 1, 2, 1, 3, 2, 2, 2, 2, 2, 
2, 2, 3, 2, 3, 2, 2, 3, 2, 2, 2, 2, 3, 2, 3, 2, 3, 1, 2, 3, 2, 
1, 2, 3, 1, 3, 2, 3, 2, 2, 3, 2, 2, 2, 2, 2, 1, 3)
u <-
c(7, 2, 7, 2, 4, 2, 7, 3, 7, 2, 7, 2, 7, 2, 2, 7, 2, 2, 2, 2, 
2, 7, 2, 7, 2, 2, 7, 3, 7, 7, 10, 7, 2, 2, 7, 2, 7, 4, 7, 2, 
2, 2, 2, 2, 7, 2, 3, 7, 2, 7, 2, 2, 4, 3, 7, 3, 2, 2, 2, 2, 2, 
2, 2, 7, 2, 7, 3, 7, 2, 7, 2, 7, 3, 2, 2, 2, 2, 2, 2, 7, 2, 3, 
2, 7, 4, 7, 2, 7, 5, 2, 7, 2, 7, 2, 2, 7, 2, 2, 7, 2, 2, 2, 2, 
7, 2, 2, 3, 7, 2, 7, 2, 7, 2, 7, 3, 7, 2, 7, 2, 7, 2, 7, 2, 4, 
2, 5, 2, 7, 2, 7, 3, 7, 2, 2, 7, 2, 7, 2, 7, 2, 2, 2, 7, 2, 2, 
2, 7, 2, 7, 2, 7, 2, 2, 2, 2, 7, 2, 7, 3, 2, 5, 2, 3, 7, 4, 7, 
3, 7, 2, 2, 2, 7, 2, 7, 2, 7, 2, 7, 2, 2, 2, 7, 2, 7, 2, 7, 2, 
3, 7, 2, 2, 5, 2, 2, 2, 7, 2, 7, 2, 7, 2, 7, 7, 3, 2, 8, 2, 7, 
2, 3, 7, 2, 7, 4, 2, 7, 2, 4, 7, 2, 7, 3, 3, 7, 2, 7, 3, 7, 2, 
2, 7, 2, 2, 7, 2, 2, 7, 2, 7, 2, 2, 2, 2, 7, 2, 2, 2, 2, 2, 2, 
7, 2, 2, 2, 2, 2, 2, 7, 2, 7, 2, 7, 2, 7, 2, 2, 2, 2, 2, 2, 7, 
2, 2, 7, 2, 7, 2, 2, 7, 2, 2, 2, 2, 7, 2, 7, 3, 7, 2, 2, 2, 2, 
7, 8, 7, 2, 2, 7, 2, 7, 2, 8, 7, 2, 2, 7, 2, 7, 4, 4, 7, 3, 4, 
7, 5, 2, 2, 7, 2, 7, 7, 7, 2, 7, 2, 7, 2, 2, 2, 2, 2, 7, 2, 7, 
3, 7, 7, 2, 7, 2, 7, 2, 7, 2, 7, 2, 2, 2, 2, 2, 7, 2, 2, 2, 2, 
7, 2, 2, 7, 2, 2, 2, 7, 2, 2, 7, 7, 2, 7, 2, 5, 2, 7, 2, 7, 2, 
7, 2, 7, 2, 2, 7, 4, 2, 2, 2, 2, 7, 7, 2, 7, 4, 7, 2, 2, 2, 7, 
2, 2, 2, 8, 2, 7, 8, 7, 2, 4, 7, 2, 2, 7, 2, 7, 2, 7, 2, 3, 7, 
2, 7, 2, 2, 7, 4, 2, 7, 2, 7, 4, 7, 2, 2, 7, 2, 3, 7, 2, 1, 2, 
7, 2, 7, 3, 2, 2, 7, 2, 7, 2, 7, 7, 2, 2, 2, 2, 4, 7, 2, 2, 7, 
2, 7, 2, 7, 7, 2, 7, 7, 2, 7, 2, 7, 2, 7, 2, 7, 2, 2, 2, 2, 7, 
5, 2, 3, 3, 2, 3, 7, 3, 2, 2, 7, 2, 2, 2, 7, 2, 7, 2, 7)
theta <-
structure(c(0.083550217883786, 0.122984804176715, 0.101484541235887, 
0.402316289540777, 0.389912364065996, 0.812084147563283, 0.514133492575437, 
0.487102831757289, 0.0864313112008303), .Dim = c(3L, 3L))
phi <-
structure(c(0.00112521752066775, 0.000741809823654211, 0.0002537975171882, 
0.66281681473616, 0.885398309447811, 2.58392700833823e-05, 3.66631693623635e-12, 
0.11185571394173, 0.00545761846648947, 0.283158085603439, 0.000735651506892739, 
0.00215932860472342, 2.9914582278468e-06, 9.50260922170839e-05, 
0.0548729487923554, 5.35156956052571e-21, 2.12949179078221e-07, 
0.00203773094076984, 0.000211773628307337, 2.16796418506682e-07, 
0.924498320927173, 0.042528132374615, 1.87959032090295e-12, 0.00948345414566356, 
4.59927648206405e-18, 5.73606138914696e-08, 2.24108861922702e-11, 
0.0101569846749169, 0.0011730020796034, 0.00121096131314287), .Dim = c(3L, 
10L))
z <-
c(1, 2, 3, 3, 2, 3, 2, 2, 1, 2, 1, 3, 2, 3, 3, 2, 3, 2, 3, 1, 
2, 3, 3, 2, 3, 1, 2, 3, 3, 2, 3, 2, 3, 1, 2, 3, 2, 3, 2, 2, 2, 
3, 2, 1, 3, 2, 3, 2, 3, 2, 2, 3, 2, 1, 2, 1, 3, 2, 2, 2, 2, 2, 
2, 2, 3, 2, 3, 2, 2, 3, 2, 2, 2, 2, 3, 2, 3, 2, 3, 1, 2, 3, 2, 
1, 2, 3, 1, 3, 2, 3, 2, 2, 3, 2, 2, 2, 2, 2, 1, 3)
y <-
c(3, 2, 3, 2, 1, 2, 3, 2, 3, 2, 3, 2, 3, 2, 2, 3, 2, 1, 1, 2, 
2, 3, 2, 3, 2, 1, 3, 2, 3, 3, 2, 3, 2, 2, 3, 2, 3, 1, 3, 2, 1, 
2, 2, 2, 3, 2, 2, 3, 2, 3, 2, 2, 1, 2, 3, 2, 2, 2, 2, 2, 2, 2, 
2, 3, 2, 3, 2, 3, 2, 3, 2, 3, 2, 2, 1, 2, 2, 2, 2, 3, 2, 2, 2, 
3, 1, 3, 2, 3, 3, 2, 3, 2, 3, 2, 2, 3, 2, 2, 3, 1, 2, 2, 2, 3, 
2, 1, 2, 3, 2, 3, 2, 3, 2, 3, 2, 3, 2, 3, 2, 3, 2, 3, 2, 1, 2, 
3, 2, 3, 2, 3, 2, 3, 1, 2, 3, 2, 3, 2, 3, 2, 2, 2, 3, 2, 1, 2, 
3, 2, 3, 2, 3, 2, 2, 2, 2, 3, 2, 3, 2, 2, 3, 2, 2, 3, 1, 3, 2, 
3, 2, 2, 1, 3, 2, 3, 2, 3, 2, 3, 2, 2, 2, 3, 2, 3, 2, 3, 2, 2, 
3, 2, 1, 3, 2, 2, 2, 3, 2, 3, 2, 3, 2, 3, 3, 2, 2, 1, 2, 3, 2, 
2, 3, 2, 3, 1, 2, 3, 2, 1, 3, 2, 3, 2, 2, 3, 2, 3, 2, 3, 2, 2, 
3, 2, 2, 3, 2, 2, 3, 2, 3, 2, 1, 2, 2, 3, 2, 2, 2, 2, 2, 2, 3, 
2, 1, 2, 2, 2, 2, 3, 1, 3, 2, 3, 2, 3, 2, 1, 2, 2, 2, 2, 3, 2, 
2, 3, 2, 3, 2, 1, 3, 2, 2, 2, 2, 3, 1, 3, 2, 3, 2, 2, 2, 2, 3, 
1, 3, 2, 2, 3, 2, 3, 2, 1, 3, 1, 2, 3, 2, 3, 1, 1, 3, 2, 1, 3, 
3, 2, 1, 3, 1, 3, 3, 3, 2, 3, 2, 3, 2, 2, 2, 2, 2, 3, 2, 3, 2, 
3, 3, 2, 3, 2, 3, 2, 3, 2, 3, 2, 2, 2, 2, 2, 3, 2, 2, 2, 2, 3, 
2, 2, 3, 2, 2, 1, 3, 2, 1, 3, 3, 2, 3, 2, 3, 1, 3, 2, 3, 2, 3, 
2, 3, 2, 2, 3, 1, 2, 2, 2, 2, 3, 3, 2, 3, 1, 3, 2, 2, 2, 3, 2, 
2, 1, 3, 2, 3, 1, 3, 2, 1, 3, 2, 2, 3, 2, 3, 2, 3, 2, 2, 3, 2, 
3, 2, 2, 3, 1, 2, 3, 2, 3, 1, 3, 2, 2, 3, 2, 2, 3, 2, 2, 2, 3, 
2, 3, 3, 2, 2, 3, 2, 3, 2, 3, 3, 2, 2, 1, 2, 1, 3, 1, 2, 3, 2, 
3, 2, 3, 3, 2, 3, 3, 2, 3, 2, 3, 2, 3, 2, 3, 2, 2, 2, 1, 3, 3, 
2, 2, 2, 2, 2, 3, 2, 2, 2, 3, 2, 1, 2, 3, 2, 3, 2, 3)
