N <- 30
N_pred <- 1970
zeros <- 
c(0, 0, 0, 0, 0, 0, 0, 0, 0, 0, 0, 0, 0, 0, 0, 0, 0, 0, 0, 0, 0, 0, 0, 0, 0, 0, 0, 0, 0, 0)
x <- 
c(1.49733941479176, -0.712885987622754, -0.015941195828348, -0.0167200963189491, -1.08164100769028,
-1.01765206806272, 0.527796412534309, -0.100744191866368, 0.0057843478850339, -1.56743543352906,
-1.0624875423377, -1.52532975151127, 1.81110448006307, -0.720528698510243, 0.730249775015507,
0.474247383319435, -0.435589951211929, -1.11460376151648, -1.08789217730925, 1.00569146242433,
-0.534853375515617, -0.105574064459358, 1.89601772048395, 0.854359774605809, 0.044747719470553,
1.77098151124288, -0.565763049132946, 1.13865654632657, 0.182369850428685, -0.775288551428735)
y <- 
c(-1.27781597162369, -0.597057498295519, 3.1103250926562, 3.30426157776915, -0.893917664969049,
-1.27131142240994, 0.564529457550605, 1.84654363942953, 3.31696495258084, 1.6918860665824, -0.694311401574295,
0.843167319384586, 0.621456574152191, -0.867612460243605, 1.44133422535589, 0.736278570325456,
0.831589688035033, -0.637801935370494, -0.368547251400275, -0.201778717480932, 0.645159821844059,
2.35567385751221, 0.722028882207236, 0.959433299348622, 3.18532998361007, 1.04501480142426, 0.228419998755156,
0.19046656790687, 0.727422561693342, -1.54547047405289)
x_pred <- 
c(0.0984652007315341, -0.216354546419574, -1.23007598788782, -0.384889357304426, 0.545563820245903,
-0.61442357527112, -0.937377983990361, 0.176665531095693, -1.69645792706654, 0.939965822192403,
1.55240207049371, -1.28625971759592, 1.78785228252192, -1.8976316243393, -0.529653674713437, 1.80251969910073,
-0.812153735126006, 1.28177959389661, 0.663492041202409, -0.178644085006505, -1.46634111278939,
-1.08103977375171, 1.87207097047852, -1.11771716183223, 0.255345539171117, -1.49131879594802,
-0.372663568728169, 1.65277390095338, -1.47503945550574, 0.316351690891313, -1.61076796544997,
1.92134838795101, -1.09955647707072, -1.22669248538816, -1.27926487755812, -0.748356523159268,
-0.0509780796170769, -1.81673420790543, 0.886353507743404, 0.542680702484465, -0.634930284043776,
1.30094896251411, -0.560668945413795, -0.481726708555825, -0.501143244606591, 1.57163232525828,
0.232974201457473, 1.89345485290378, 1.57635876329935, 1.81789350525422, 1.12361267610951, 0.627220709780688,
-1.19899154785707, 1.28256354215577, -0.96715100257424, -0.260001904498862, 1.7761249191811, -1.45722884373818,
-0.762696101140168, -0.197971884638808, -0.998999779072581, -1.11460667655625, 0.0637964948483272,
0.532864591957235, 0.697620369491797, 1.37707741671645, 1.26638664720079, 0.774311526953611, 0.514709223185197,
0.220365069318281, 1.05276137894833, 1.14954698032748, 0.213702258830142, 0.368387551829838, -1.45990779509399,
1.81565952121593, -1.39619605432863, -1.29894124516703, 1.36345876253091, -1.61090260303469, 1.45601805728746,
1.25670930560539, 0.730679174344246, 0.310612839978516, -0.563794402632079, 1.95429717752596, 1.80679801264062,
1.78362153535311, -0.956254429294672, 0.238055404495804, 1.88284614958091, 1.0543229387476, -0.813539509644917,
-0.792629750522859, -0.818829844901043, -1.21012802239089, -0.706992010027782, 0.160535604602686,
1.66871948144858, 0.766060360652018, 1.80370132584046, -0.297563229496795, -0.798404833610549,
0.781404085085146, 0.485789415323124, 1.30785667732157, 1.54738459599906, -1.09761510342122, 0.432170622594037,
1.03324074896923, 1.10054712493301, -0.379293376868232, 1.46014656385994, 0.729371575045378, -1.88170345026371,
-0.472471064251154, -0.457174289653538, 0.509068438680789, 0.880845349166868, 1.72461707904798,
-0.481810201627983, -0.612002346959059, 1.89024972848663, -1.44651876967429, 0.437836493204319,
0.443739426397528, -1.85823254278302, 0.68082481741483, 0.877832131224481, 0.196541233408519,
-1.11390179758684, -1.99292386667405, 1.79583425747312, -1.37338282825003, -1.57028054587735,
0.567773707596836, 1.84605924354917, -1.20510365238363, 0.509514117528784, 1.88649986416054, 0.362470667423903,
0.573275078694176, -1.99539775382923, -0.295998935334342, -1.61425467153355, 0.363393235603263,
-1.57288702729544, -0.826119865778046, -0.386432655729916, -1.57318106633312, 0.477431916193638,
0.452125694082496, -1.29538396531857, -1.83134054089677, 1.31162649430329, 1.37013616311909,
-0.823315638492417, 1.72752117019464, -0.994293520929871, -1.17933225325429, 0.139517065136911,
-0.858666467408331, 1.23846036312524, -1.33945810198476, 1.64642636738376, -0.926008192653164,
-1.7862212497811, -0.591736154113575, 0.268880050221311, -1.69485250010961, 1.14310988705021,
-0.643371186838449, -1.33797111132439, -0.421309696618763, -1.7998103754519, 0.461584156237653,
0.793683575585851, -0.233578005846454, -0.369116121783846, -1.90693146735248, 1.86239978306293,
-1.22504289325033, -1.88010873537946, -0.839492196308602, 0.430346590005703, -1.55394576379998,
-0.771432998750004, 1.6364452264897, 1.72752136763504, -1.77568262289684, -0.66204370415572, 1.41091225917379,
-1.76442892092321, -0.985169876704276, 1.56945659917466, 0.373208655089114, -0.0725230249748472,
-0.320281624581767, 0.846094679443232, -0.668123333462797, -1.6230248080474, -1.02427733134844,
-0.823484405325567, -1.58428083558015, 1.58322776488847, -1.75876678677925, -1.86979301497443,
-0.713744728538229, -0.26421926483645, -0.211596113721498, -0.352763069019478, -0.741635668920664,
-0.813899860715209, 1.00428760534559, 0.681587242808427, -0.157584911935172, 0.295232289186668,
1.40534147846483, -1.81585561491716, -0.971243293735629, -0.210275703148782, 1.99776311209781,
0.147444635946415, 0.0280517574457688, 0.381834259646827, 0.130581099181424, -0.126457757724154,
1.54096617201487, 1.89713951533381, -0.841708280326292, 0.920138127697575, 0.496818553063271, 1.0258356538703,
1.26387904244177, 0.00613158965824034, -1.8552908243402, -0.467242151583929, -0.489333343730619,
-1.05347145097262, 0.447969173325854, -0.625104914307139, -0.723148604012458, -1.42593836906864,
1.8730645054409, -1.50244936030854, 1.05104282423373, -0.614073569332402, 1.85986778882734, -1.02203900175884,
1.9172334675128, 0.595446783680666, -0.498889609661189, -0.990222957525018, 1.1197300685089,
0.0703151999260796, 0.768886645382387, 0.420401925293061, -1.17249091008409, 0.951205086802895,
1.63263906557437, -1.22559492541531, -0.405000898442267, -0.537907476658022, -0.0418998057038444,
0.803273812440013, -1.72076062484896, 0.681369825544676, 1.9975939187189, 0.447555295419765, -1.63837728691308,
-0.18415381565561, -1.41673578593846, -1.40669134677176, 0.223468059309876, -1.79653071914876,
-0.26798997216259, 1.66136509686587, -1.65286209161679, 1.98459483807681, -0.448645637642371, 1.91879801685765,
0.556852066837846, -1.53262268184011, -1.46862838524489, -1.65784413487399, -1.73696934868552,
-1.19809787675572, -1.80389438342998, 1.19986625723005, -1.38361825188211, -1.81155850356167, 1.27672601574959,
0.845695067536913, -1.95136981448988, -0.302844631506427, -1.48145313719519, 1.17190839573002,
-1.26648497065422, 1.96107720241539, 1.33421454520079, -0.72660658810668, -0.669639124343621, 1.71057746145393,
-0.626160367322057, 0.244297640868275, -1.72384552855544, 0.676174073550371, -1.35154733631437,
-0.284595696476861, 0.528266290869052, -1.7296284813192, 0.581764790244294, 1.2130310983959, 1.28110397149573,
0.0732232845840985, 0.664948210672264, -0.28740558247868, 1.16326423736323, -0.4287584092809,
0.282628655576177, -1.68317255412826, 1.03537686403953, 1.75925533999501, -1.82413992140257, -1.8499934184828,
-1.3107716574922, 1.75315735804454, 0.949107996012684, -1.11069702707228, -1.93990157117673, 0.580566788990397,
1.75219122073075, -1.83420108153545, 0.623302331941202, 1.34630755883756, 0.101596718997377, 0.330733444748016,
-0.612582922299454, 1.54593752741377, -0.517153190670151, -1.86045989580432, -1.50138850375983,
-1.5702539901444, -0.972385350440228, 1.90956685888709, -1.46330578897349, 1.5775163004484, -0.32490488511595,
1.6512436429071, 1.52364209063035, 1.55192104050201, -1.45573757830701, 1.39439721215431, 0.521233305719711,
