alpha_lam <- 
c(-0.451232710853219, 0.629280077759176, -0.102967317216098, 0.620128706097603, 0.624779019039124,
0.588684642221779, -0.120336624793708)
