y <- 
c(0.420762227389292, -0.655264045033534, 0.291870915376101,
-0.132258139698867, -2.20184784367123, -1.75520350944826, -2.58026191435661,
-2.16293912894853, -1.3877666280764, -0.991172388542401, -0.962624948050072,
-1.90932602942129, -0.753233303827901, 0.0198967267714014, -1.35874936212672,
-1.37300259485373, 0.0941986515087621, 0.104199931355854, -0.00116014332040715,
-1.12511982853925, -1.48920187009929, -1.69794567098077, -1.53458913238925,
-1.30390753400182, -2.0637197130131, -1.19376999484084, -0.354967079017494,
-0.125552541639689, -0.269478136639321, -1.63911852375492, -1.79205877770575,
-2.47063034286927, -2.25469444542761, -1.74326409939977, -1.98160401047701,
-1.65698168970247, -1.89623365246611, -1.55026697735649, -1.18918708829394,
-1.47034264546695, -1.82264810807595, -1.6764093304436, -2.25968822762301,
-1.55393246409267, -2.01868914805172, -1.39786911014278, -2.01460500968653,
-1.19041198991877, -1.73367669924242, -1.46181612612468, -1.01916905831088,
-0.790688211894893, -1.01124949966483, -1.18908277125592, -1.74444191055934,
-2.24015147778519, -2.30731788186614, -1.04429912249532, -0.247090781715286,
-0.158402678742291, -0.995155875072921, -2.03922334213733, -1.10696860678381,
-0.42852027053173, -1.07715220688515, -1.56115891614682, -1.24533636931721,
-1.70111921371519, -0.699764356063216, -0.0519255654012069, -0.340873163177169,
-0.654530349329092, -0.944807064228528, -0.317135397250852, -1.21140976836069,
-0.860587912929081, -0.197127538895495, -0.832890969775807, -2.44662115201755,
-3.71479006738101, -2.30819222683425, -0.252833695775613, 0.121873394075641,
0.399588005563403, -0.00625281826137558, 0.0727648901981475,
-0.00524993752419223, -1.15378798452694, -1.87594622110902, -0.932696052149935,
0.328076317617535, -0.389994084511797, -0.892983566961302, -0.797132957324428,
-0.351743810897304, 0.602162344479432, 1.64562520139474, 1.29118316900551,
-1.13974396095436, -0.716415538798067, -1.24114630434716, -1.35470781092614,
-1.79021868544901, -1.44527275424389, -0.786305489036765, -1.44419802116455,
-1.35438064168547, -0.20167075839087, -0.794711946073403, -2.05921233723574,
-1.45052622588398, -0.271853698889285, -0.738312644318586, -1.6349542682382,
-0.694100221595401, -0.409924676939397, -1.83365696374802, -1.48736076408306,
-0.41127403738823, -1.10091937598414, -1.93336409299494, -1.59335407023821,
-0.567474096260498, -1.34711686244125, -2.61308790525208, -1.20451692302483,
-0.570768981481451, -0.951089772153066, -1.61422440416369, -0.659597968150693,
0.057663573757905, 0.481883581083259, 0.638396206665584, -0.216164194965493,
-0.0857360745841655, 0.523659605460275, -0.934459224414, -1.75884228508795,
-2.51161963015138, -2.52155441193343, -1.33928727993716, -1.13845871636779,
-0.799186625025223, -0.387399316142353, -0.760339152515116, -2.10860056151219,
-1.09552597540512, -2.16788086516114, -1.58104362365144, -0.936928638271558,
-0.534263504789235, -0.0756357984525343, -1.31292922516133, -0.853186683873729,
1.22937231680788, 1.01892533663337, 0.428234791585921, -0.0752344768690294,
-1.64244492317539, -1.19235921092271, -1.22317146891529, 0.313881932040596,
0.90095754003408, -0.453318857552456, 0.197141499996668, -0.743173418169549,
-1.82930287220647, -2.93254006460853, -1.99821771986395, -2.81023009068215,
-3.21536683159071, -2.56624051684297, -2.06414166587627, -1.22379789234732,
0.0203556719803004, -2.26602590592129, -0.152912221633729, -0.460362550441976,
-0.484200444948967, -0.161383232623255, -1.10534375612368, -0.875232136506779,
-0.590482832499426, -1.68937421387153, -0.584104395787721, -0.212499024091304,
-0.24403955227836, -1.16336478948193, -1.0584310984092, 0.968072751257922,
-0.633272462909715, -0.603754061675614, -2.08682156089934, -3.45590143496901,
-2.70600156114563, -1.40634674060767, -2.29053811179742, -3.36954025107102,
-2.70210252567793, -1.88368116355226, -1.00812462642072, -0.831292883604221,
1.03113598248749, 0.853468062316825, 1.18719910912472, 0.0724413210897089,
-1.88297654108896, -2.42987848096724, -2.10567378849164, -0.478172269250655,
-2.02564408891147, -2.05255522879733, -3.06716732761229, -1.94520314392137,
-1.60168842099681, -1.05004677777816, -2.32230769726874, -2.23539033446593,
-1.36588822338692, -0.834446116384458, -0.713894029096458, -0.61164333638976,
0.278375766746323, -1.58017747809468, -0.464817077439809, -0.801618207658156,
0.197713782226327, -0.224233772195484, -1.24928402397303, -1.12155478542254,
-1.07107414832757, -1.3235557286029, -1.74681270507789, -2.25591254952003,
-1.52616128156914, -0.615393301730942, -2.3607548008067, -3.38080428758905,
-3.32595997444247, -3.5725304089137, -2.15498100414332, -1.35554266812576,
-1.22336319290981, -1.67444288266083, -0.773070721523223, -0.543506301385101,
-1.09950876240603, -1.50896990459198, -2.19956531303502, -1.44403453932548,
-1.89784829208199, -2.95969036065252, -1.82081998212333, -1.72363857707206,
-1.73088196150498, -0.61263858149279, -2.5186129444625, -2.00325529875819,
-1.27282438747866, -0.116303855526816, -0.635412929913126, -1.05952467833337,
-0.398888221257145, 0.539675081655743, -0.358605130758568, -0.286059782021655,
-0.658658555596421, -1.77783892559023, -2.11103980553237, -0.993364293134797,
-1.81408140021633, -1.47017977043684, -1.70849345922334, -2.11436188827125,
-2.22193557871423, -1.99616118279815, -0.914061676679973, -0.669862395193741,
-2.24315732517604, -2.99210601645486, -2.42514193660332, -1.16827435250536,
-0.0345881900318261, 0.0470579344826499, -0.681969446223316, -0.689590700326421,
-0.638524341058499, -0.0667399235603588, -1.7370988854441, -1.64130464645726,
-0.446610981379053, -1.36757685342821, -1.72034032167472, -1.37727307806959,
-2.22416002741295, -1.61345251931475, -0.643317804266146, -0.657041791248332,
-1.65266527496684, -1.61299357226428, -2.33447962391547, -2.37664340495094,
-1.41414925626011, -1.03713566168713, -0.751727021447155, -1.41590071021727,
-1.06141648311727, 0.226504052776198, -1.06954797954728, -0.770883061037233,
-1.07338055057171, -0.280802015897241, -0.584598396592297, -1.11074917720152,
-1.06715396297557, -1.16084528144521, -1.22028222272816, -1.68623629219983,
-0.130018725624808, -0.902390193706977, -0.298687347580284, -1.39096292585649,
-1.95554731067949, -1.10181402782456, -1.58591080999162, -1.51205706357246,
-1.67641283563398, -0.447164403744543, -0.137415024314966, -2.20234736696138,
-1.81044995422725, -1.80832074438544, -0.637276440493541, -0.38270303448217,
-0.339544996521834, -0.653912434196544, 0.0491839910864812, -0.78791921397483,
-1.92128095081053, -1.6430696291648, -1.59675105850539, -1.60206159029285,
-1.83999078354326, -1.49609820241881, -2.91903347573739, -2.05446558355033,
-1.487567741638, -1.35440575183375, -1.05813019950715, -0.332342620310788,
-0.44412699580271, -1.75306355198155, -2.37956530443305, -2.79697376838278,
-2.20981645447587, -1.7980234780082, -1.50304579029695, -1.10148535993104,
-0.731043405899677, -2.02921010409198, -1.08221477791118, -0.0292498797609385,
-0.473414819395169, -2.48955619051168, -1.80273047432265, -1.53950536087737,
-1.91183050426679, -1.91995510705836, -1.02655515560509, -0.745976235580837,
-0.339431143317939, -0.371527083123367, -1.52775120289842, -1.4202139425288,
-2.04019743538678, -2.25756016512743, -1.26964226518612, -1.10772225239821,
-0.653591373175422, -0.209387747831938, -0.972845181314658, -1.24997524811253,
-3.26338369126686, -2.54764930379591, -1.72371961109563, -0.984385605994111,
-0.0485764808093678, -0.311801936909119, -0.551764675919367,
-0.00541939284414616, -0.385859844922649, -0.153134724761011,
-0.656654716330141, -1.78406508771416, -1.72590827634938, -0.810325181729235,
-1.76476478195337, -0.677989275298139, -1.07546427462607, -1.95268431438138,
-1.73395460598922, -1.55749936148134, -0.384790267929572, -1.05943002591718,
-1.31462778676083, -1.41975106082169, -0.965281989217814, -1.04690196421998,
-0.265145695453722, -0.950106056515159, -1.64963504902684, -1.43051407540407,
