K <-
3
V <-
10
T <-
100
T_unsup <-
500
alpha <-
c(1, 1, 1)
beta <-
c(0.1, 0.1, 0.1, 0.1, 0.1, 0.1, 0.1, 0.1, 0.1, 0.1)
w <-
c(8, 1, 1, 8, 3, 3, 8, 8, 1, 3, 7, 8, 1, 7, 1, 3, 8, 7, 1, 8, 
3, 8, 8, 8, 8, 1, 8, 1, 3, 3, 7, 1, 1, 7, 8, 3, 1, 3, 8, 1, 8, 
3, 3, 7, 1, 3, 2, 8, 1, 3, 7, 7, 8, 3, 8, 1, 3, 8, 1, 7, 1, 3, 
7, 1, 2, 8, 8, 3, 7, 8, 1, 7, 8, 1, 3, 7, 8, 1, 1, 8, 8, 8, 8, 
1, 7, 6, 7, 1, 3, 8, 1, 3, 8, 1, 8, 1, 3, 8, 7, 8)
z <-
c(3, 1, 2, 3, 1, 1, 2, 2, 3, 1, 2, 2, 3, 2, 3, 1, 2, 2, 2, 3, 
1, 2, 2, 2, 3, 1, 2, 3, 1, 1, 2, 3, 1, 2, 3, 1, 1, 1, 2, 3, 2, 
1, 1, 2, 3, 1, 2, 2, 3, 1, 2, 2, 3, 1, 2, 3, 1, 2, 3, 2, 3, 1, 
2, 3, 2, 2, 3, 1, 2, 3, 1, 2, 2, 3, 1, 2, 2, 3, 1, 2, 2, 2, 2, 
3, 2, 3, 2, 3, 1, 2, 3, 1, 2, 3, 2, 3, 1, 2, 2, 2)
u <-
c(1, 3, 3, 7, 1, 3, 8, 3, 1, 3, 7, 1, 7, 7, 8, 1, 1, 7, 8, 1, 
3, 8, 8, 1, 3, 7, 1, 7, 1, 3, 7, 8, 8, 3, 7, 1, 7, 8, 8, 1, 8, 
8, 7, 8, 7, 1, 2, 1, 1, 1, 7, 1, 7, 8, 1, 3, 8, 8, 1, 3, 8, 3, 
1, 8, 1, 3, 8, 7, 1, 1, 8, 3, 7, 1, 3, 7, 7, 7, 1, 3, 3, 3, 1, 
7, 8, 8, 3, 7, 8, 3, 7, 8, 1, 3, 8, 1, 7, 1, 1, 1, 3, 8, 8, 1, 
3, 1, 7, 1, 3, 8, 7, 1, 3, 8, 1, 3, 8, 7, 8, 2, 8, 1, 3, 7, 8, 
8, 3, 2, 1, 3, 8, 1, 1, 7, 7, 7, 1, 1, 7, 8, 7, 8, 8, 7, 8, 8, 
1, 3, 8, 1, 3, 7, 8, 3, 8, 1, 3, 7, 8, 7, 8, 7, 8, 1, 3, 8, 8, 
1, 3, 8, 8, 8, 7, 1, 2, 8, 1, 8, 7, 1, 1, 1, 7, 7, 8, 7, 8, 8, 
8, 8, 8, 1, 8, 8, 2, 1, 1, 1, 3, 7, 1, 3, 7, 8, 1, 7, 3, 8, 8, 
1, 8, 3, 1, 8, 1, 1, 8, 8, 8, 8, 7, 3, 7, 8, 1, 3, 8, 7, 8, 7, 
7, 1, 3, 8, 1, 7, 8, 7, 1, 3, 7, 8, 3, 8, 1, 3, 7, 1, 3, 8, 8, 
1, 1, 8, 3, 7, 1, 3, 7, 1, 8, 1, 8, 1, 2, 8, 1, 7, 1, 3, 7, 8, 
8, 4, 8, 8, 3, 8, 1, 3, 3, 8, 8, 3, 8, 8, 7, 1, 8, 7, 7, 2, 7, 
1, 3, 8, 8, 3, 1, 8, 7, 1, 3, 8, 1, 1, 7, 7, 8, 3, 8, 1, 1, 8, 
8, 8, 1, 3, 8, 8, 3, 1, 3, 7, 8, 7, 1, 3, 8, 8, 7, 3, 2, 3, 3, 
7, 8, 3, 8, 1, 3, 8, 8, 8, 2, 1, 1, 8, 7, 7, 1, 3, 7, 1, 8, 8, 
1, 1, 1, 3, 7, 8, 3, 7, 7, 1, 1, 3, 8, 1, 3, 7, 8, 1, 1, 3, 1, 
7, 8, 3, 8, 8, 1, 7, 8, 1, 3, 7, 1, 8, 8, 7, 2, 1, 3, 8, 1, 7, 
8, 3, 8, 7, 7, 7, 1, 7, 1, 7, 7, 8, 3, 8, 1, 7, 1, 7, 1, 7, 3, 
3, 8, 1, 3, 3, 7, 8, 1, 2, 7, 7, 7, 1, 1, 7, 1, 3, 8, 1, 7, 1, 
1, 8, 8, 1, 3, 3, 8, 1, 8, 1, 1, 7, 3, 1, 7, 7, 7, 8, 8, 1, 2, 
7, 8, 1, 1, 7, 8, 1, 3, 8, 1, 1, 1, 3, 8, 7, 8, 3, 8, 8, 1, 3, 
8, 8, 3, 5, 3, 7, 1, 3, 8, 8, 3, 3, 8, 1, 1, 1, 7, 7)
theta <-
structure(c(0.169187267113226, 0.0574158154120042, 0.709397850754155, 
0.781553271496982, 0.432395187186764, 0.286220371117706, 0.0492594613897915, 
0.510188997401232, 0.00438177812813912), .Dim = c(3L, 3L))
phi <-
structure(c(0.243179665302163, 0.0313339107621101, 0.710916142422173, 
0.027524516424808, 0.0291476559980841, 5.89401424938061e-18, 
0.71448123949353, 0.00274807236093616, 0.00836226481929133, 2.04924769070595e-08, 
0.00668055661146035, 3.18625560397899e-15, 0.00459503337400553, 
1.69251591523798e-07, 4.02952235175901e-14, 2.91841803720246e-16, 
0.00115861725653934, 0.00190400314910196, 0.00708558404556368, 
0.434784223619994, 0.00634909671429824, 0.00267418473577437, 
0.493828631483267, 0.270008814920135, 0.00017895705305583, 0.000316934268698799, 
0.00245967797495679, 0.00028079907862215, 1.22838731832556e-06, 
1.14791702718342e-20), .Dim = c(3L, 10L))
z <-
c(3, 1, 2, 3, 1, 1, 2, 2, 3, 1, 2, 2, 3, 2, 3, 1, 2, 2, 2, 3, 
1, 2, 2, 2, 3, 1, 2, 3, 1, 1, 2, 3, 1, 2, 3, 1, 1, 1, 2, 3, 2, 
1, 1, 2, 3, 1, 2, 2, 3, 1, 2, 2, 3, 1, 2, 3, 1, 2, 3, 2, 3, 1, 
2, 3, 2, 2, 3, 1, 2, 3, 1, 2, 2, 3, 1, 2, 2, 3, 1, 2, 2, 2, 2, 
3, 2, 3, 2, 3, 1, 2, 3, 1, 2, 3, 2, 3, 1, 2, 2, 2)
y <-
c(3, 1, 1, 2, 3, 1, 2, 3, 1, 1, 2, 3, 1, 2, 3, 1, 1, 2, 2, 3, 
1, 2, 2, 3, 1, 2, 3, 2, 3, 1, 2, 2, 3, 1, 2, 3, 2, 2, 3, 1, 2, 
2, 2, 3, 2, 3, 2, 2, 3, 1, 2, 3, 1, 2, 3, 1, 2, 2, 3, 1, 2, 1, 
3, 2, 3, 1, 2, 2, 3, 1, 2, 1, 2, 3, 1, 2, 2, 2, 3, 1, 1, 1, 2, 
2, 2, 2, 1, 2, 3, 1, 2, 2, 3, 1, 2, 3, 2, 1, 2, 3, 1, 2, 2, 3, 
1, 3, 2, 3, 1, 2, 2, 3, 1, 2, 3, 1, 2, 2, 2, 1, 2, 3, 1, 2, 2, 
3, 1, 2, 3, 1, 2, 3, 1, 2, 2, 2, 3, 1, 2, 3, 2, 2, 2, 2, 3, 2, 
3, 1, 2, 3, 1, 2, 3, 1, 2, 3, 1, 2, 3, 2, 2, 2, 2, 3, 1, 2, 2, 
3, 1, 2, 2, 3, 2, 1, 2, 2, 3, 2, 2, 2, 3, 1, 2, 2, 3, 2, 2, 2, 
2, 2, 2, 3, 2, 2, 2, 3, 1, 3, 1, 2, 3, 1, 2, 3, 1, 2, 3, 2, 2, 
3, 2, 3, 1, 2, 3, 1, 2, 2, 2, 2, 2, 1, 2, 2, 3, 1, 2, 2, 2, 2, 
2, 3, 1, 2, 3, 2, 2, 2, 3, 1, 2, 3, 1, 2, 3, 1, 2, 3, 1, 2, 2, 
3, 1, 2, 1, 2, 3, 1, 2, 3, 2, 3, 2, 3, 1, 2, 3, 2, 3, 1, 2, 3, 
2, 2, 2, 3, 1, 2, 3, 1, 1, 2, 2, 2, 2, 2, 2, 3, 2, 2, 2, 2, 2, 
3, 1, 2, 3, 1, 1, 2, 2, 3, 1, 2, 3, 1, 2, 2, 3, 1, 2, 3, 1, 2, 
2, 2, 3, 1, 2, 3, 1, 3, 1, 2, 2, 2, 3, 1, 2, 3, 2, 1, 2, 1, 1, 
2, 3, 1, 2, 3, 1, 2, 2, 2, 2, 3, 1, 2, 2, 2, 3, 1, 2, 3, 2, 2, 
3, 1, 3, 1, 2, 3, 1, 2, 2, 3, 1, 1, 2, 3, 1, 2, 2, 3, 3, 1, 1, 
2, 3, 1, 2, 2, 3, 2, 2, 3, 1, 2, 3, 2, 3, 1, 2, 3, 1, 2, 3, 2, 
3, 1, 2, 2, 2, 2, 1, 2, 3, 2, 2, 3, 1, 2, 3, 2, 1, 2, 3, 2, 1, 
1, 2, 3, 1, 1, 2, 2, 1, 2, 2, 2, 2, 3, 1, 2, 3, 1, 2, 2, 2, 3, 
2, 2, 2, 3, 1, 1, 2, 3, 2, 3, 1, 2, 3, 1, 2, 2, 2, 2, 2, 3, 2, 
2, 3, 1, 3, 2, 2, 3, 1, 2, 3, 1, 1, 1, 2, 2, 3, 1, 2, 2, 3, 1, 
2, 3, 1, 1, 1, 2, 3, 1, 2, 3, 1, 1, 2, 2, 3, 1, 2, 2)
