N <- 5
T <- 72
Tsubj <- c(72, 72, 72, 72, 72)
trial <- structure(
c(1, 2, 3, 4, 5, 6, 7, 8, 9, 10, 11, 12, 13, 14, 15, 16, 17, 18, 19,
20, 21, 22, 23, 24, 25, 26, 27, 28, 29, 30, 31, 32, 33, 34, 35, 36, 37, 38, 39,
40, 41, 42, 43, 44, 45, 46, 47, 48, 49, 50, 51, 52, 53, 54, 55, 56, 57, 58, 59,
60, 61, 62, 63, 64, 65, 66, 67, 68, 69, 70, 71, 72, 1, 2, 3, 4, 5, 6, 7, 8, 9,
10, 11, 12, 13, 14, 15, 16, 17, 18, 19, 20, 21, 22, 23, 24, 25, 26, 27, 28, 29,
30, 31, 32, 33, 34, 35, 36, 37, 38, 39, 40, 41, 42, 43, 44, 45, 46, 47, 48, 49,
50, 51, 52, 53, 54, 55, 56, 57, 58, 59, 60, 61, 62, 63, 64, 65, 66, 67, 68, 69,
70, 71, 72, 1, 2, 3, 4, 5, 6, 7, 8, 9, 10, 11, 12, 13, 14, 15, 16, 17, 18, 19,
20, 21, 22, 23, 24, 25, 26, 27, 28, 29, 30, 31, 32, 33, 34, 35, 36, 37, 38, 39,
40, 41, 42, 43, 44, 45, 46, 47, 48, 49, 50, 51, 52, 53, 54, 55, 56, 57, 58, 59,
60, 61, 62, 63, 64, 65, 66, 67, 68, 69, 70, 71, 72, 1, 2, 3, 4, 5, 6, 7, 8, 9,
10, 11, 12, 13, 14, 15, 16, 17, 18, 19, 20, 21, 22, 23, 24, 25, 26, 27, 28, 29,
30, 31, 32, 33, 34, 35, 36, 37, 38, 39, 40, 41, 42, 43, 44, 45, 46, 47, 48, 49,
50, 51, 52, 53, 54, 55, 56, 57, 58, 59, 60, 61, 62, 63, 64, 65, 66, 67, 68, 69,
70, 71, 72, 1, 2, 3, 4, 5, 6, 7, 8, 9, 10, 11, 12, 13, 14, 15, 16, 17, 18, 19,
20, 21, 22, 23, 24, 25, 26, 27, 28, 29, 30, 31, 32, 33, 34, 35, 36, 37, 38, 39,
40, 41, 42, 43, 44, 45, 46, 47, 48, 49, 50, 51, 52, 53, 54, 55, 56, 57, 58, 59,
60, 61, 62, 63, 64, 65, 66, 67, 68, 69, 70, 71, 72)
, .Dim=c(5,72))
condition <- structure(
c(1, 1, 1, 3, 2, 3, 3, 0, 1, 1, 0, 0, 1, 3, 2, 2, 2, 1, 0, 0, 3,
1, 0, 3, 3, 1, 2, 1, 1, 2, 2, 3, 0, 0, 0, 2, 3, 0, 2, 2, 0, 0, 1, 1, 3, 0, 2, 1,
1, 1, 3, 3, 3, 0, 1, 2, 2, 2, 2, 2, 3, 0, 1, 3, 0, 0, 3, 2, 0, 3, 2, 3, 1, 1, 3,
1, 1, 3, 3, 3, 0, 2, 2, 0, 0, 3, 0, 1, 0, 2, 0, 3, 1, 2, 1, 0, 0, 0, 2, 1, 3, 3,
0, 1, 2, 1, 2, 1, 3, 2, 0, 1, 0, 1, 0, 2, 3, 1, 3, 0, 2, 1, 3, 2, 1, 2, 2, 3, 2,
2, 1, 2, 3, 0, 0, 3, 2, 3, 0, 2, 0, 1, 3, 3, 0, 1, 1, 2, 3, 0, 3, 0, 2, 0, 2, 2,
1, 0, 2, 1, 3, 1, 0, 3, 3, 2, 3, 0, 2, 2, 1, 2, 0, 3, 1, 2, 0, 2, 1, 3, 2, 2, 0,
1, 3, 0, 0, 3, 3, 2, 0, 3, 1, 1, 1, 3, 1, 1, 1, 3, 2, 2, 0, 2, 1, 1, 0, 2, 3, 0,
0, 1, 3, 0, 3, 3, 1, 1, 1, 3, 2, 3, 3, 0, 1, 1, 0, 0, 1, 3, 2, 2, 2, 1, 0, 0, 3,
1, 0, 3, 3, 1, 2, 1, 1, 2, 2, 3, 0, 0, 0, 2, 3, 0, 2, 2, 0, 0, 1, 1, 3, 0, 2, 1,
1, 1, 3, 3, 3, 0, 1, 2, 2, 2, 2, 2, 3, 0, 1, 3, 0, 0, 3, 2, 0, 3, 2, 3, 1, 1, 1,
1, 2, 1, 3, 0, 2, 3, 2, 0, 1, 3, 2, 2, 2, 0, 0, 2, 2, 1, 2, 0, 1, 3, 0, 1, 3, 0,
0, 1, 1, 0, 2, 3, 3, 3, 3, 3, 1, 2, 1, 3, 3, 0, 1, 2, 2, 0, 2, 3, 0, 1, 0, 2, 3,
3, 2, 0, 2, 0, 0, 0, 3, 3, 1, 2, 0, 3, 1, 1)
, .Dim=c(5,72))
p_gamble <- structure(
c(0.8, 0.5, 0.8, 0.5, 0.6, 0.8, 0.7, 0.6, 0.4, 0.4, 0.5, 0.5, 0.7,
0.5, 0.5, 0.4, 0.6, 0.8, 0.7, 0.6, 0.9, 0.6, 0.7, 0.6, 0.4, 0.5, 0.5, 0.6, 0.9,
0.8, 0.8, 0.6, 0.8, 0.7, 0.4, 0.9, 0.8, 0.6, 0.6, 0.4, 0.4, 0.9, 0.5, 0.7, 0.7,
0.8, 0.4, 0.9, 0.4, 0.6, 0.5, 0.4, 0.4, 0.5, 0.7, 0.5, 0.7, 0.9, 0.9, 0.7, 0.9,
0.9, 0.9, 0.8, 0.4, 0.9, 0.9, 0.8, 0.8, 0.7, 0.7, 0.6, 0.7, 0.6, 0.7, 0.5, 0.5,
0.9, 0.5, 0.5, 0.8, 0.5, 0.5, 0.4, 0.5, 0.8, 0.9, 0.4, 0.4, 0.4, 0.5, 0.9, 0.8,
0.8, 0.6, 0.6, 0.7, 0.4, 0.6, 0.4, 0.4, 0.4, 0.8, 0.9, 0.8, 0.8, 0.7, 0.7, 0.9,
0.7, 0.8, 0.6, 0.5, 0.4, 0.9, 0.8, 0.7, 0.9, 0.6, 0.6, 0.5, 0.5, 0.4, 0.6, 0.8,
0.6, 0.7, 0.6, 0.9, 0.9, 0.9, 0.4, 0.8, 0.9, 0.7, 0.8, 0.9, 0.7, 0.7, 0.4, 0.6,
0.7, 0.5, 0.6, 0.8, 0.5, 0.4, 0.6, 0.8, 0.9, 0.6, 0.5, 0.8, 0.6, 0.8, 0.9, 0.8,
0.9, 0.8, 0.8, 0.4, 0.5, 0.4, 0.7, 0.8, 0.7, 0.6, 0.8, 0.6, 0.4, 0.6, 0.7, 0.6,
0.5, 0.9, 0.9, 0.4, 0.5, 0.4, 0.9, 0.5, 0.9, 0.8, 0.8, 0.5, 0.6, 0.5, 0.5, 0.7,
0.5, 0.4, 0.8, 0.6, 0.7, 0.5, 0.9, 0.6, 0.9, 0.9, 0.4, 0.6, 0.4, 0.5, 0.7, 0.4,
0.7, 0.7, 0.4, 0.6, 0.7, 0.9, 0.7, 0.4, 0.7, 0.7, 0.9, 0.8, 0.5, 0.8, 0.5, 0.6,
0.8, 0.7, 0.6, 0.4, 0.4, 0.5, 0.5, 0.7, 0.5, 0.5, 0.4, 0.6, 0.8, 0.7, 0.6, 0.9,
0.6, 0.7, 0.6, 0.4, 0.5, 0.5, 0.6, 0.9, 0.8, 0.8, 0.6, 0.8, 0.7, 0.4, 0.9, 0.8,
0.6, 0.6, 0.4, 0.4, 0.9, 0.5, 0.7, 0.7, 0.8, 0.4, 0.9, 0.4, 0.6, 0.5, 0.4, 0.4,
0.5, 0.7, 0.5, 0.7, 0.9, 0.9, 0.7, 0.9, 0.9, 0.9, 0.8, 0.4, 0.9, 0.9, 0.8, 0.8,
0.7, 0.7, 0.6, 0.5, 0.6, 0.7, 0.9, 0.7, 0.4, 0.5, 0.9, 0.8, 0.7, 0.6, 0.5, 0.9,
0.8, 0.7, 0.9, 0.8, 0.7, 0.6, 0.6, 0.4, 0.7, 0.5, 0.4, 0.8, 0.4, 0.9, 0.6, 0.9,
0.8, 0.8, 0.5, 0.8, 0.9, 0.4, 0.5, 0.6, 0.8, 0.6, 0.8, 0.6, 0.9, 0.9, 0.4, 0.7,
0.6, 0.5, 0.9, 0.4, 0.4, 0.7, 0.6, 0.6, 0.4, 0.7, 0.6, 0.5, 0.9, 0.5, 0.5, 0.8,
0.8, 0.4, 0.7, 0.7, 0.4, 0.4, 0.5, 0.5, 0.9, 0.7, 0.8)
, .Dim=c(5,72))
risky_Lpayoff <- structure(
c(0.9, 1.3, 1.3, 0.9, 1.3, 0.9, 0.9, 1.3, 1.7, 0.9, 1.3, 1.7,
0.9, 1.7, 1.3, 1.3, 0.9, 1.7, 1.7, 1.7, 1.3, 0.9, 1.3, 0.9, 1.7, 1.7, 0.9, 1.7,
0.9, 1.7, 0.9, 1.3, 1.3, 0.9, 0.9, 1.3, 1.7, 0.9, 1.7, 1.7, 1.7, 1.7, 0.9, 1.7,
1.3, 0.9, 0.9, 1.3, 1.3, 1.3, 1.3, 1.3, 0.9, 0.9, 1.3, 1.7, 1.7, 0.9, 1.7, 1.3,
1.7, 1.3, 1.7, 1.3, 1.3, 0.9, 0.9, 1.3, 1.7, 1.7, 0.9, 1.7, 1.2, 1.3, 1.3, 1.3,
1.2, 1.3, 1.7, 1.3, 1.3, 1.7, 1.3, 1.2, 1.3, 1.3, 1.2, 1.3, 1.3, 1.7, 1.2, 1.2,
1.7, 1.2, 1.2, 1.7, 1.2, 1.7, 1.2, 1.7, 1.7, 1.2, 1.7, 1.3, 1.3, 1.2, 1.3, 1.7,
1.7, 1.7, 1.2, 1.7, 1.7, 1.2, 1.3, 1.7, 1.2, 1.7, 1.2, 1.3, 1.2, 1.7, 1.3, 1.3,
1.3, 1.7, 1.2, 1.3, 1.2, 1.7, 1.2, 1.3, 1.2, 1.7, 1.7, 1.7, 1.3, 1.7, 1.3, 1.2,
1.2, 1.3, 1.2, 1.7, 1.2, 1.7, 1.3, 1.3, 1.7, 1.2, 1.2, 1.2, 1.3, 1.3, 1.2, 1.3,
1.2, 1.3, 1.7, 1.7, 1.3, 1.3, 1.3, 1.2, 1.3, 1.3, 1.3, 1.7, 1.2, 1.7, 1.7, 1.7,
1.2, 1.7, 1.7, 1.2, 1.2, 1.3, 1.7, 1.2, 1.2, 1.7, 1.3, 1.3, 1.2, 1.7, 1.7, 1.3,
1.3, 1.7, 1.7, 1.2, 1.2, 1.2, 1.2, 1.7, 1.3, 1.3, 1.2, 1.7, 1.7, 1.2, 1.3, 1.2,
1.2, 1.7, 1.3, 1.3, 1.7, 1.7, 1.7, 1.3, 1.2, 1.2, 1.7, 1.3, 0.9, 1.3, 1.3, 0.9,
1.3, 0.9, 0.9, 1.3, 1.7, 0.9, 1.3, 1.7, 0.9, 1.7, 1.3, 1.3, 0.9, 1.7, 1.7, 1.7,
1.3, 0.9, 1.3, 0.9, 1.7, 1.7, 0.9, 1.7, 0.9, 1.7, 0.9, 1.3, 1.3, 0.9, 0.9, 1.3,
1.7, 0.9, 1.7, 1.7, 1.7, 1.7, 0.9, 1.7, 1.3, 0.9, 0.9, 1.3, 1.3, 1.3, 1.3, 1.3,
0.9, 0.9, 1.3, 1.7, 1.7, 0.9, 1.7, 1.3, 1.7, 1.3, 1.7, 1.3, 1.3, 0.9, 0.9, 1.3,
1.7, 1.7, 0.9, 1.7, 1.6, 1.3, 1.6, 1.6, 1.3, 1.2, 1.2, 1.3, 1.2, 1.6, 1.6, 1.6,
1.3, 1.2, 1.2, 1.2, 1.6, 1.2, 1.6, 1.2, 1.6, 1.3, 1.6, 1.6, 1.3, 1.2, 1.2, 1.6,
1.6, 1.2, 1.6, 1.3, 1.6, 1.6, 1.3, 1.6, 1.6, 1.6, 1.3, 1.3, 1.2, 1.3, 1.2, 1.3,
1.3, 1.3, 1.2, 1.6, 1.2, 1.3, 1.6, 1.2, 1.2, 1.3, 1.3, 1.3, 1.3, 1.3, 1.3, 1.2,
1.3, 1.3, 1.2, 1.6, 1.2, 1.6, 1.6, 1.2, 1.3, 1.2, 1.2, 1.2)
, .Dim=c(5,72))
