N <-
174L
D <-
8
K <-
5
y <-
structure(c(1.84317398116119, -1.23938347868199, 1.24231057829926, 
0.654028752608201, 1.48388008470156, 0.697287453099511, 1.70692590939007, 
0.846337872714797, -0.244170938339317, -0.281629909530974, 0.990171654711824, 
1.13203983126072, 1.42955344123197, 1.15096758951835, 1.59301507600765, 
2.07735927847589, -0.290837740268759, -0.159243657408395, 0.82494496677993, 
0.958986664338296, -0.959522562648293, -0.578698781219142, 0.777551048207635, 
0.651684858525636, 2.07391747517099, -0.651802967622814, 0.0515519355188455, 
-0.324613346608982, -0.594761748849326, 0.471357142328495, 0.89237417560821, 
0.905844075477014, 1.06426473281766, 0.195959405751777, -0.250568874510399, 
1.16017631880899, 0.541106340194767, 0.849878968724615, 1.5945790867549, 
1.49331185662373, -1.74797795900631, 1.49485566550212, 1.80362937931551, 
1.70797060278236, 1.36513549187363, -1.63372945436094, 1.44629498456175, 
1.00833938829757, 1.13119023729185, 1.28001133063175, 2.79724682801871, 
0.33248641258099, -0.237859018451502, 0.225124453348449, 1.11960555951298, 
1.86980709548797, 1.85397774810501, 0.799559171347112, 0.69008293151147, 
0.707865678506258, 0.47300208315229, 0.590469479269693, -0.175568410752426, 
0.574634943262585, 1.57124114033029, -0.333134924115378, 0.840289195245286, 
-0.527166851550338, 1.44047322261092, 0.0591316921563312, 1.57308208962731, 
-1.88854503882271, -2.84465709756656, -1.01299427053028, -2.14247324445665, 
0.0561241702560704, -1.9153366905564, -1.28899305381681, -1.54520548894597, 
-2.34981292142791, -0.757234207980274, -1.78463885305859, -0.154670572055866, 
-2.51975046182272, -2.01787800955263, -3.90801766105466, -0.888310775450717, 
-0.746893983367711, -2.44398477139248, 0.333025566215059, -0.930627377597732, 
-1.95530770436131, -0.253930935565583, -1.30743165058602, -3.19221407857778, 
-1.11221341657549, -1.5174380374568, -3.37726491243159, -0.749444045936825, 
1.00528052410588, 0.626775647682478, 0.227258669027758, -0.313905510755699, 
1.78145647240758, 0.549201446754395, 2.35121758052545, -1.19882782175437, 
0.966423413344706, 1.50540495632162, 1.30276948187962, -0.985463171293874, 
-0.624199985427959, 0.423497407581986, 0.131491971158964, 1.78260722469687, 
1.57543161479473, 2.66442464799408, 0.999597346067457, -0.309545218328896, 
0.330393064389288, 2.66570503246908, 0.98535706867844, -0.172172750820141, 
1.16065158189251, 0.688797185700382, 0.437034804076941, 1.6248903017252, 
0.368607615713274, -0.13677700054483, 1.55301216036842, 1.12572408294093, 
2.12143740399158, 0.395979762321405, -0.373817778566281, 1.51951278938399, 
1.09699493996, 1.42461388645935, 2.0810724120943, 0.990276460401498, 
3.38005896553978, 3.38404413130393, 3.1690668781403, 2.08380888120508, 
2.57844468505403, 1.7374411038642, 2.80225021354539, 4.47455180043813, 
2.36982667609406, 3.77537502894188, 4.15338036936674, 4.00165999891377, 
4.8817034499181, 3.61878617477598, 1.30589934498768, 2.86786559971604, 
3.49106042518579, 3.43299867506381, 3.23886839482909, 4.42562297026147, 
3.91836034238925, 3.55731601661836, 3.44395498528828, 3.89882216835169, 
3.98821842672183, 1.97980073303207, 3.39142461291917, 1.7243827412155, 
2.39813466308078, 3.03406345319544, 2.00110145907493, 3.9089304696487, 
3.73001197786759, 3.14373622298625, 2.85102527754934, -0.100666831453742, 
0.295628098606637, -0.91832765430011, -0.0272785832293734, -0.425126309584817, 
-2.1758500340442, -1.06516878191122, 0.663450699432423, -1.47116720037759, 
-1.28332262927893, 0.958302828824485, -1.77920628464576, -2.07181511914093, 
-1.89290865229951, -1.36937675646546, -0.643375308256095, -1.94568266268046, 
-1.46809038771399, -1.93670995441212, -3.07463050782214, -2.57712364564223, 
-3.40685146980352, -0.701919845452137, -0.230898608803815, 0.773365929258433, 
-1.08923499572581, -1.08638800034443, -1.94698365689548, -0.694181027963172, 
-1.07659596600996, -0.930947836123796, -0.333534446198205, -1.36559243950776, 
-1.84872571796396, -1.03069496400512, 1.56514161041356, -2.05404871346723, 
0.0704667304787826, -0.225731668722617, 0.581117121826179, 0.503575700855895, 
0.395479767292789, -1.11151314645618, -0.157190904762634, -0.741725817787896, 
-0.768886423494601, -0.0253579863761049, -0.883902823266782, 
1.65992883305146, -1.57913173913553, -1.54853154539668, -1.59946543603287, 
-0.82512117917052, -2.31492245000405, 0.189192342146076, -1.02620587087755, 
0.563212640147963, -1.93474914698379, -1.67860799595942, -0.581305088923333, 
0.829425913217621, -1.34832242462347, 1.71267476404414, -1.5841430389319, 
-1.09567914844913, 0.350254745371059, -0.0602691726208303, -1.62161814439177, 
0.536203339119009, -1.6385891283465, -1.66527715459413, -0.222461548555912, 
1.50952733105327, 0.613685190543106, 0.397665929141682, 0.26480829989494, 
0.482118630593154, -0.921700180592383, 1.5696380568721, -0.908501426968205, 
1.4760850464738, 0.302293915354227, 2.02809236325441, 0.410163911378338, 
1.19472028580618, 2.40283215798947, 1.20329422961212, 0.340331335745183, 
-0.291929922574381, 0.132125901671712, 1.3539013369426, -0.629244995671589, 
-0.597519613208834, 1.6205732822833, 1.50453472923802, -1.03046041814441, 
0.519616247085196, 0.584292938892878, 1.01039474556075, -0.179353847802094, 
-1.63882259988957, 0.0218958184606135, 0.618194264679497, 0.215327394890988, 
0.234099640928433, -0.404197292992698, -0.568433635873251, -0.962052465199625, 
-2.14081573790344, -0.768573989332807, 0.636591856594147, -1.68472285008069, 
-0.959471356330974, 2.33136486882139, -0.244838217583112, 0.603447159522889, 
0.233482678430036, 0.304616097431991, 0.990225513990607, -0.538447911415668, 
0.635721284255589, -1.57078356420222, 1.70444675529871, -1.37642590165453, 
-0.555012933493485, -2.253609810919, 0.562688102026616, -1.10400584061934, 
0.415997922558924, 0.554584062836913, 0.153588734810767, -1.2373991215371, 
0.502542076052968, -2.12213315809493, -2.20279666881453, 0.612464793852874, 
1.58100965673785, 1.70338545543231, 2.26909145877064, -0.919460477084349, 
1.15680482716219, 2.5718057471938, 1.35286989242212, 0.622271256628651, 
2.79965146499918, 2.95271798283755, 1.70835778853388, 1.20919720158422, 
2.92138952373703, 2.32508375316731, -0.473742792347174, 0.960441330142953, 
3.91597838869363, 2.59227225447107, 1.09957028288133, 0.88237878026166, 
1.69275815765865, 1.465618870708, 2.88444937225982, 2.69588604080922, 
2.77095635744287, -0.433642801690807, 2.27975614641067, 3.48619749913866, 
1.04655814483826, 0.512481327485094, 1.99643092587252, 0.658281551087589, 
1.33784198912878, 0.45643080138236, 0.504839891265079, 1.37106417727927, 
2.76979501918192, -0.130621465837085, 0.302539066681877, -0.616536397188547, 
-1.03747031288355, -2.34616332125876, 1.67350911575097, -0.798595619383092, 
1.87112193677239, -1.58579202283431, -0.772267525079797, -0.468103083456794, 
1.1876153166996, -0.858890588922231, 1.00753096185416, -0.184595579454862, 
0.494026268291414, -0.588434761428826, 0.761650762470893, -0.163383560275282, 
0.445397597579699, 0.59414756284462, 0.498827672770954, -0.378504042780203, 
0.46408805802432, -0.833206597522412, 0.215136703344365, 0.304415448502843, 
-1.03084975252334, 1.16864841642795, -0.895354666297052, -1.68235225410568, 
0.329028796149632, 1.78322498460964, 1.16555129703686, -0.951446218928503, 
-0.800520146711226, 0.0909873749849418, 1.74494749210881, 1.82612323932584, 
0.766598110400311, 0.135961493280234, 1.20175407453113, -0.0858104218717388, 
0.8269522999568, -0.560446048110304, 1.12472338160142, 0.445799178524958, 
1.33527206028332, -0.534809701983997, 0.211612455191719, 0.824822322229243, 
-0.350474172570063, 1.20689500826787, 0.91105221845085, 0.284210856312939, 
0.779309465327035, 0.715014573769747, 1.36273939765581, -0.136981483670944, 
-0.241680633501451, 0.707235444637853, 0.405820965949576, 1.07471287981232, 
1.35271492406795, -0.0697632761762484, -0.414752174541428, 0.406642903065981, 
