n <- 544
height <- 
c(151.765, 139.7, 136.525, 156.845, 145.415, 163.83, 149.225, 168.91, 147.955, 165.1, 154.305,
151.13, 144.78, 149.9, 150.495, 163.195, 157.48, 143.9418, 121.92, 105.41, 86.36, 161.29, 156.21, 129.54,
109.22, 146.4, 148.59, 147.32, 137.16, 125.73, 114.3, 147.955, 161.925, 146.05, 146.05, 152.7048, 142.875,
142.875, 147.955, 160.655, 151.765, 162.8648, 171.45, 147.32, 147.955, 144.78, 121.92, 128.905, 97.79,
154.305, 143.51, 146.7, 157.48, 127, 110.49, 97.79, 165.735, 152.4, 141.605, 158.8, 155.575, 164.465,
151.765, 161.29, 154.305, 145.415, 145.415, 152.4, 163.83, 144.145, 129.54, 129.54, 153.67, 142.875, 146.05,
167.005, 158.4198, 91.44, 165.735, 149.86, 147.955, 137.795, 154.94, 160.9598, 161.925, 147.955, 113.665,
159.385, 148.59, 136.525, 158.115, 144.78, 156.845, 179.07, 118.745, 170.18, 146.05, 147.32, 113.03, 162.56,
133.985, 152.4, 160.02, 149.86, 142.875, 167.005, 159.385, 154.94, 148.59, 111.125, 111.76, 162.56, 152.4,
124.46, 111.76, 86.36, 170.18, 146.05, 159.385, 151.13, 160.655, 169.545, 158.75, 74.295, 149.86, 153.035,
96.52, 161.925, 162.56, 149.225, 116.84, 100.076, 163.195, 161.925, 145.415, 163.195, 151.13, 150.495,
141.605, 170.815, 91.44, 157.48, 152.4, 149.225, 129.54, 147.32, 145.415, 121.92, 113.665, 157.48, 154.305,
120.65, 115.6, 167.005, 142.875, 152.4, 96.52, 160, 159.385, 149.86, 160.655, 160.655, 149.225, 125.095,
140.97, 154.94, 141.605, 160.02, 150.1648, 155.575, 103.505, 94.615, 156.21, 153.035, 167.005, 149.86,
147.955, 159.385, 161.925, 155.575, 159.385, 146.685, 172.72, 166.37, 141.605, 142.875, 133.35, 127.635,
119.38, 151.765, 156.845, 148.59, 157.48, 149.86, 147.955, 102.235, 153.035, 160.655, 149.225, 114.3,
100.965, 138.43, 91.44, 162.56, 149.225, 158.75, 149.86, 158.115, 156.21, 148.59, 143.51, 154.305, 131.445,
157.48, 157.48, 154.305, 107.95, 168.275, 145.415, 147.955, 100.965, 113.03, 149.225, 154.94, 162.56,
156.845, 123.19, 161.0106, 144.78, 143.51, 149.225, 110.49, 149.86, 165.735, 144.145, 157.48, 154.305,
163.83, 156.21, 153.67, 134.62, 144.145, 114.3, 162.56, 146.05, 120.65, 154.94, 144.78, 106.68, 146.685,
152.4, 163.83, 165.735, 156.21, 152.4, 140.335, 158.115, 163.195, 151.13, 171.1198, 149.86, 163.83, 141.605,
93.98, 149.225, 105.41, 146.05, 161.29, 162.56, 145.415, 145.415, 170.815, 127, 159.385, 159.4, 153.67,
160.02, 150.495, 149.225, 127, 142.875, 142.113, 147.32, 162.56, 164.465, 160.02, 153.67, 167.005, 151.13,
147.955, 125.3998, 111.125, 153.035, 139.065, 152.4, 154.94, 147.955, 143.51, 117.983, 144.145, 92.71,
147.955, 155.575, 150.495, 155.575, 154.305, 130.6068, 101.6, 157.48, 168.91, 150.495, 111.76, 160.02,
167.64, 144.145, 145.415, 160.02, 147.32, 164.465, 153.035, 149.225, 160.02, 149.225, 85.09, 84.455, 59.6138,
92.71, 111.125, 90.805, 153.67, 99.695, 62.484, 81.915, 96.52, 80.01, 150.495, 151.765, 140.6398, 88.265,
158.115, 149.225, 151.765, 154.94, 123.825, 104.14, 161.29, 148.59, 97.155, 93.345, 160.655, 157.48, 167.005,
157.48, 91.44, 60.452, 137.16, 152.4, 152.4, 81.28, 109.22, 71.12, 89.2048, 67.31, 85.09, 69.85, 161.925,
152.4, 88.9, 90.17, 71.755, 83.82, 159.385, 142.24, 142.24, 168.91, 123.19, 74.93, 74.295, 90.805, 160.02,
67.945, 135.89, 158.115, 85.09, 93.345, 152.4, 155.575, 154.305, 156.845, 120.015, 114.3, 83.82, 156.21,
137.16, 114.3, 93.98, 168.275, 147.955, 139.7, 157.48, 76.2, 66.04, 160.7, 114.3, 146.05, 161.29, 69.85,
133.985, 67.945, 150.495, 163.195, 148.59, 148.59, 161.925, 153.67, 68.58, 151.13, 163.83, 153.035, 151.765,
132.08, 156.21, 140.335, 158.75, 142.875, 84.455, 151.9428, 161.29, 127.9906, 160.9852, 144.78, 132.08,
117.983, 160.02, 154.94, 160.9852, 165.989, 157.988, 154.94, 97.9932, 64.135, 160.655, 147.32, 146.7, 147.32,
172.9994, 158.115, 147.32, 124.9934, 106.045, 165.989, 149.86, 76.2, 161.925, 140.0048, 66.675, 62.865,
163.83, 147.955, 160.02, 154.94, 152.4, 62.23, 146.05, 151.9936, 157.48, 55.88, 60.96, 151.765, 144.78,
118.11, 78.105, 160.655, 151.13, 121.92, 92.71, 153.67, 147.32, 139.7, 157.48, 91.44, 154.94, 143.51, 83.185,
158.115, 147.32, 123.825, 88.9, 160.02, 137.16, 165.1, 154.94, 111.125, 153.67, 145.415, 141.605, 144.78,
163.83, 161.29, 154.9, 161.3, 170.18, 149.86, 123.825, 85.09, 160.655, 154.94, 106.045, 126.365, 166.37,
148.2852, 124.46, 89.535, 101.6, 151.765, 148.59, 153.67, 53.975, 146.685, 56.515, 100.965, 121.92, 81.5848,
154.94, 156.21, 132.715, 125.095, 101.6, 160.655, 146.05, 132.715, 87.63, 156.21, 152.4, 162.56, 114.935,
67.945, 142.875, 76.835, 145.415, 162.56, 156.21, 71.12, 158.75)
